18329058640.0
17135280141.0
12816772624.0
17139546622.0
12815799420.0
18326730909.0
12813770810.0
18322815575.0
17138689907.0
12814543969.0
18329794659.0
17139796027.0
17136654997.0
13467683336.0
17137017245.0
18328856226.0
18322321252.0
17138693592.0
13465566709.0
19364459096.0
17133837369.0
17133250445.0
17138197805.0
12817857179.0
17135269588.0
18322716414.0
17135309704.0
17132087934.0
17136437228.0
12819488121.0
17136240465.0
17136597669.0
13464437981.0
17139556664.0
17132254341.0
13462391950.0
17133528040.0
17132017539.0
17137143714.0
12812209478.0
17137665497.0
12815947163.0
18327885694.0
17139362493.0
17136222020.0
18324055430.0
19366729850.0
18329002882.0
17139422277.0
17132378323.0
18323040014.0
13464437661.0
18322822891.0
12814478656.0
17133640105.0
19564513644.0
17136991782.0
17137509769.0
12816728987.0
18326805546.0
17137147132.0
12818615094.0
18323187791.0
12815603487.0
17132252800.0
18329166010.0
13465698012.0
17139266652.0
13464064160.0
18327592506.0
17138321055.0
13463961295.0
17136977982.0
17132313309.0
17138692592.0
16267105897.0
12812028832.0
17139429519.0
12819035596.0
17139212400.0
17132241643.0
18328868646.0
18327156441.0
12819532138.0
12814442000.0
19795742736.0
18323887703.0
17139337610.0
12819957786.0
18326035604.0
13463473500.0
17134785766.0
18329422071.0
14807014338.0
17132318555.0
12817616892.0
17134347328.0
18777081981.0
18326801440.0
17136921140.0
17136972088.0
18322814925.0
12816268877.0
18328910019.0
17133633535.0
17134097176.0
17135725668.0
18322950522.0
18323180390.0
17136947836.0
18324064711.0
13466425698.0
12819534763.0
17137666663.0
12813442270.0
18326709234.0
18328030707.0
17138612343.0
17133382982.0
17133228274.0
13462021976.0
17133644616.0
13464414490.0
17133850349.0
12816947098.0
18322801582.0
18328722675.0
18329049001.0
12819759147.0
18327126995.0
17136956493.0
18325947045.0
18327791762.0
18324210943.0
17138277771.0
18327315585.0
12817360096.0
13465698040.0
17136951631.0
17136868606.0
13465931821.0
12812223655.0
12813560071.0
17136917291.0
18328589556.0
18326603753.0
17136414133.0
12818884677.0
17135895634.0
13466602700.0
17139477229.0
18322337986.0
17136643333.0
17136231731.0
17134542682.0
12816536798.0
12818684064.0
12819036452.0
12816922433.0
17136431440.0
17136430637.0
17136432155.0
12819538434.0
18326603834.0
17137487172.0
17136454824.0
17133603192.0
18325342027.0
14692438600.0
18329058845.0
17137749197.0
17137832912.0
12819072808.0
12812702130.0
12813101237.0
13469008447.0
18324028312.0
12816773536.0
17139222233.0
12812419205.0
12812064215.0
17138693261.0
12818107541.0
17134750004.0
18325763124.0
17135971604.0
17136920800.0
18325478799.0
17133072451.0
17246132558.0
17134987751.0
18325827959.0
17136921212.0
18326214939.0
17133330496.0
13465698004.0
18329254418.0
18324327888.0
12819305258.0
18328675309.0
12817276798.0
17133527226.0
17136676468.0
17652832687.0
12812153479.0
18324046144.0
12817588054.0
18329442915.0
12812417315.0
13465698028.0
18663194054.0
18323603804.0
17136912011.0
12814585911.0
17132249845.0
18328645004.0
17134536555.0
17135220088.0
17132270294.0
13462985353.0
17135294743.0
18006330601.0
17138613551.0
18327235232.0
18324346136.0
13466161720.0
17136830448.0
12816245462.0
12816121015.0
18322196222.0
12817836306.0
18322085448.0
17139334244.0
18328381067.0
12813937418.0
12092133216.0
13464414366.0
17133606838.0
17136974400.0
17136959739.0
18328844268.0
17139554310.0
18329258335.0
17137936520.0
18327531006.0
17133212657.0
17136683060.0
17135876667.0
18323902251.0
12819845362.0
12819406742.0
18178187813.0
14697236067.0
14692003366.0
19728222200.0
12147518381.0
12147403098.0
19452628339.0
12146120133.0
12143027907.0
12145500028.0
12144294887.0
14694282016.0
12146890496.0
14697148182.0
14698259053.0
14694315685.0
12142162347.0
12144588606.0
19726448758.0
12142722966.0
14697711800.0
19726250083.0
12148311959.0
19725211635.0
16572037816.0
12144262355.0
14693103500.0
12145097324.0
18327851517.0
14698646982.0
14699514225.0
12148639320.0
14697710997.0
12143287371.0
16822681948.0
19724242473.0
12147759973.0
19722901996.0
12149374675.0
14322238502.0
19723827892.0
14692069515.0
12147415463.0
14694829246.0
14697808776.0
12144330086.0
12147616820.0
14698040643.0
12145520260.0
19724549831.0
12144262252.0
14694764846.0
12147518743.0
19728309900.0
19726658317.0
18178344591.0
12149487547.0
12144025454.0
18177736268.0
19726461208.0
12143248811.0
12148212945.0
19723990061.0
12142063294.0
14698952530.0
14692932970.0
18173309192.0
14696448025.0
19722222843.0
19452922307.0
19722443474.0
19724200941.0
19452922304.0
12142539549.0
12144827884.0
12148863326.0
12147346293.0
19452922259.0
12142101111.0
14696020489.0
12147450088.0
12149564545.0
12147481484.0
12146796395.0
19723917662.0
19723797577.0
14692972003.0
17313077537.0
19728468513.0
12147324769.0
14692848811.0
14695535218.0
14694161055.0
19722473595.0
19729148062.0
12149049384.0
19723724231.0
14694823070.0
12143399027.0
19725594113.0
12145021352.0
12143960270.0
19726461687.0
14699772242.0
12143505886.0
14694891061.0
16822531775.0
12143517500.0
19725211701.0
12145978332.0
12148781062.0
18003617144.0
12143240100.0
14692934520.0
12144054306.0
12143574400.0
12142760944.0
18003718970.0
12149249969.0
19726425372.0
19729003586.0
14694238182.0
12148507686.0
19724417452.0
19403262388.0
14693352398.0
12142194813.0
19726824860.0
19728487751.0
12148658772.0
12144297734.0
12148560898.0
12148696937.0
12143512020.0
14696102721.0
14693632609.0
14695375318.0
14693331738.0
16823459484.0
12143752588.0
14694452104.0
14698096011.0
19452922301.0
14698556104.0
14698315629.0
14695165387.0
12144501230.0
19729136326.0
12142424802.0
12149432580.0
12143988165.0
12145341468.0
12143883456.0
19728508544.0
19728439302.0
12143334410.0
12148848806.0
19402315706.0
12143753633.0
12143811445.0
12146175740.0
12147477200.0
16825823378.0
12143165729.0
12147176708.0
18176006275.0
19722625113.0
12147368600.0
14696693902.0
12148825100.0
14697787662.0
14694540163.0
14698599541.0
12147934062.0
12142238258.0
12142147522.0
19726582911.0
16823301902.0
14695698868.0
12143921628.0
12145970608.0
14692658683.0
12148751574.0
14694829250.0
12143912585.0
19722793691.0
14695621468.0
12143889011.0
12143821101.0
19724390117.0
12143916218.0
19725547675.0
12143311748.0
12144679091.0
19725792000.0
14694449836.0
14697080214.0
12143061096.0
14695243675.0
12146342798.0
19724387999.0
12146372816.0
12147254499.0
12144030583.0
12146770410.0
19726569672.0
12143682851.0
12143242733.0
14699865770.0
12147943374.0
12146996864.0
12145328945.0
19452922328.0
14696808602.0
12107246225.0
12104499588.0
12104688020.0
12103931488.0
12107318433.0
12104052379.0
12108228054.0
12107444397.0
12104330016.0
12105143476.0
12107362295.0
12107361603.0
12104342303.0
12103616947.0
12107920095.0
12103228232.0
12108344691.0
12102278358.0
12104651148.0
12109854955.0
12103732321.0
15124300291.0
12102486708.0
18306600974.0
12106430275.0
12108888243.0
12108067285.0
12102696346.0
17262309457.0
12103370956.0
12103712297.0
12107184544.0
12107400748.0
12105506424.0
12107395362.0
12104351951.0
12107821668.0
12143309785.0
18302402673.0
12105321811.0
12106892588.0
12106698165.0
12105203266.0
12109609666.0
12105357870.0
16052063293.0
12105332050.0
12107330351.0
12107781461.0
12103736089.0
12104522637.0
12103337870.0
12109238895.0
12103494054.0
12107936046.0
17262010814.0
12103408700.0
12105332299.0
12109068524.0
18888031103.0
12108188932.0
12105732657.0
12109952211.0
12105292288.0
12106819566.0
12103597081.0
14093844057.0
12104358426.0
18307793220.0
12103927575.0
12107333583.0
12107347444.0
12107376463.0
12108236838.0
17262020561.0
12106705325.0
12104338934.0
12107365325.0
12105901291.0
12106060769.0
19153015763.0
12107020778.0
12107943234.0
12107570600.0
12103482911.0
12102336341.0
12107345156.0
12105703520.0
12103040212.0
12104991010.0
12108479515.0
12106489240.0
12104388555.0
12102154721.0
12103900755.0
12103429612.0
12102261244.0
12106614000.0
12104276418.0
12109676100.0
12102777177.0
12103094138.0
12108976527.0
12109625960.0
12107896014.0
12102125410.0
17262461132.0
12102264951.0
12107023841.0
12104149721.0
12102093510.0
12106680610.0
12103416124.0
12103334625.0
12105037388.0
12102700568.0
12108844822.0
12104328010.0
15123651838.0
12103719739.0
12103333720.0
12108071526.0
12104971409.0
17268882614.0
12103380046.0
12106182887.0
12104686739.0
12109107775.0
12105031814.0
12104449075.0
12103840600.0
17262382617.0
12103968794.0
12103418641.0
12106421888.0
12107013939.0
12104059825.0
18304453309.0
17262262235.0
12108100810.0
12104460200.0
12106434610.0
12109343761.0
12105009519.0
12103930551.0
12102274234.0
12105039999.0
15129574630.0
12105444444.0
12109346649.0
12106989790.0
12109004002.0
12102399445.0
12103097786.0
12103894562.0
12107877911.0
12106644358.0
12104940991.0
12104105963.0
12109881750.0
12102945102.0
12106562112.0
12109012060.0
12103303547.0
12109233188.0
12109095559.0
17262158448.0
12107236188.0
12109273481.0
12103826424.0
12104301036.0
12109229700.0
12103644630.0
12104327726.0
12106604719.0
18302402685.0
12105578884.0
12107198550.0
17266105270.0
12109064366.0
12105907333.0
12104808854.0
12107318630.0
12105342851.0
12102245887.0
12107901015.0
12102689123.0
12107108385.0
12107787019.0
18888621817.0
12109563312.0
17135751771.0
18323018083.0
19364449686.0
17134122700.0
13463398390.0
17136882304.0
17136827454.0
17134676753.0
17139999150.0
17134895051.0
17136348559.0
19728357985.0
12148546397.0
18176970335.0
19726864432.0
14322179260.0
12142252844.0
12149704215.0
19722792709.0
12143888838.0
14698091101.0
12149186109.0
12145349895.0
12149104888.0
14695033042.0
19727070016.0
16822216979.0
12146318326.0
12146958783.0
19728701163.0
14695810427.0
12146552665.0
19725975959.0
18175851200.0
19453235653.0
18174691090.0
14699429197.0
18775775862.0
12104955758.0
12106605225.0
12102029106.0
12106483198.0
12107359235.0
12107746933.0
12106278141.0
12107326188.0
12106432383.0
12104528055.0
12106587100.0
17262158577.0
12106803343.0
12105644612.0
12107962792.0
12106700764.0
12106421847.0
12109656990.0
12107402790.0
12103444950.0
12108621062.0
13613892252.0
17738370808.0
12109202070.0
12108918971.0
12107344253.0
12108828980.0
18322579334.0
12107406670.0
12107651413.0
12106129114.0
12108441759.0
12103006767.0
12106029750.0
12102232675.0
12105203333.0
12102239151.0
15126904935.0
15122336590.0
15124772200.0
15127661519.0
15123313884.0
15125953473.0
15122655642.0
17373869507.0
17372975863.0
15122289421.0
15123091487.0
17373589074.0
15129004663.0
15122007614.0
15128902933.0
15126617896.0
15122552505.0
15129951745.0
15128130488.0
17372597685.0
15129280467.0
17373155870.0
15125012051.0
15128593184.0
15125534999.0
18335971932.0
15128725063.0
15122804600.0
17372168866.0
15123599857.0
15124528223.0
15124689030.0
15125986625.0
15124681467.0
15127770416.0
15122655260.0
15126633049.0
15124869291.0
15126515152.0
15129164487.0
15123182043.0
15129625828.0
15124455212.0
13252489533.0
15122207667.0
15122019978.0
18012525155.0
15126016173.0
15126158256.0
15127586226.0
15126153941.0
15124426389.0
14158477372.0
15123719642.0
15123850002.0
15124526646.0
15127079466.0
17372452111.0
15123949087.0
15125601400.0
15125372474.0
17373420072.0
15128314390.0
13364898637.0
15123796775.0
15124620606.0
15129603363.0
15128724334.0
15122982849.0
15124881120.0
15124582145.0
15127368585.0
15125492434.0
15129365200.0
15126374237.0
15123600480.0
15126084999.0
15127617336.0
15127820207.0
15129912882.0
15128429961.0
15128311981.0
18557677473.0
15123422141.0
15128128870.0
15122827787.0
15126414009.0
15124180800.0
15126865452.0
15122227311.0
18006820554.0
15124424479.0
15129281110.0
15128016132.0
12109707959.0
15128375955.0
15126598931.0
15128883865.0
15125205523.0
15122147992.0
13252272814.0
12544342444.0
15122767030.0
15128903891.0
15128172295.0
15122224755.0
15122777767.0
15124563570.0
15123095406.0
15123600599.0
15128381489.0
17372260104.0
15129453143.0
16195481980.0
17372105992.0
15129920909.0
15128320013.0
15129437070.0
15122985153.0
15123796385.0
18557058021.0
15129319241.0
15123235544.0
15128441129.0
15124544619.0
15126124950.0
15125374700.0
15126208200.0
18179935426.0
15127207092.0
15122226029.0
15126754220.0
15122849398.0
15127655349.0
15129472491.0
15125853355.0
15122984916.0
15127045011.0
15122887590.0
17373246695.0
15129059250.0
15126990083.0
17376373999.0
15129601846.0
15126576252.0
15124683880.0
15125961050.0
15128776043.0
17375104833.0
15126458578.0
15128884406.0
15129443583.0
15129949391.0
15124413202.0
15122801680.0
15126580646.0
15126613661.0
15129164901.0
15125387628.0
15123779919.0
15126539672.0
15128209501.0
15127872313.0
12543220027.0
15122377996.0
15125049502.0
15125875135.0
15125424056.0
15126560780.0
15128557334.0
18334163779.0
15123331171.0
15129549850.0
17378812035.0
15127897595.0
15125031080.0
15125785162.0
15127879725.0
15127788783.0
15125788995.0
15128903491.0
15126271660.0
15124618449.0
15126805622.0
15124894653.0
15129458877.0
15124890346.0
15122595265.0
15122343470.0
17373322738.0
15126596410.0
15124817214.0
15124418437.0
15126315677.0
15129532548.0
15126583922.0
17373471331.0
12815362852.0
15124471100.0
17377473305.0
15127824730.0
15123688376.0
17372379650.0
17374235429.0
15127661720.0
15127598820.0
15122657841.0
15123853452.0
18327704642.0
15126415311.0
15125482587.0
15126898346.0
17372021108.0
15123167414.0
15128017276.0
15129574076.0
17373773209.0
15129738484.0
17372526549.0
17372894333.0
18777713742.0
15125982239.0
15122532025.0
12107967441.0
18309642365.0
15122972346.0
15129981919.0
15122471406.0
15128936206.0
12549984468.0
18008645387.0
15127107163.0
15127811205.0
18887779742.0
17372042753.0
15125608134.0
15122662125.0
15123852393.0
15123852021.0
15122631474.0
15122584000.0
15127755597.0
15128777957.0
15127405513.0
15123089080.0
15127380582.0
15127090199.0
15126360346.0
15128843086.0
15128762266.0
15122823889.0
15127493635.0
15128018594.0
15126261195.0
12543834944.0
15123212660.0
15125463681.0
18332653269.0
19795717001.0
15129443217.0
15128924654.0
15122402133.0
13182304990.0
15127706540.0
15124129489.0
15125653793.0
15122829400.0
15125184292.0
18666947327.0
15127858313.0
15129560200.0
17373557042.0
15123610502.0
15126532522.0
18444752060.0
15123390688.0
15123089400.0
15126667016.0
15122663566.0
15123850405.0
16785321276.0
15128944488.0
15127703399.0
15128366076.0
19035203550.0
19365975530.0
15127977822.0
15125745337.0
15099709118.0
16624783155.0
15127881001.0
15126607061.0
12564351086.0
17373488702.0
15129560047.0
12564748281.0
15124514547.0
15124845054.0
15123875966.0
15125533638.0
15129572166.0
18008481141.0
18004724643.0
15124455140.0
15124450796.0
15124422348.0
15124474905.0
15126059790.0
15122844414.0
15127692351.0
15129976000.0
15129755860.0
15127319770.0
15127557318.0
17372138123.0
15122229638.0
18667170318.0
15127106556.0
15128352211.0
15127770066.0
15122877563.0
15128822269.0
18178070326.0
15129661052.0
15125358850.0
15126692507.0
15127995549.0
15044746942.0
15124900932.0
17374439331.0
15124514116.0
12103923650.0
15125985905.0
12544938403.0
15122207705.0
15125570046.0
19452440482.0
18324702300.0
12144699423.0
12812220480.0
15122467440.0
15123615050.0
15127573760.0
17372607340.0
15129603191.0
15129139113.0
15127106782.0
17372832563.0
15124027520.0
15129669766.0
15128656677.0
15123262633.0
15122715451.0
15129555403.0
15123362273.0
17372665338.0
18666966930.0
17373650396.0
15126638852.0
15123584784.0
15122624255.0
15124672689.0
17373673445.0
15129981188.0
15122446300.0
15126458052.0
15125591125.0
15126984498.0
15126309514.0
15126987676.0
15127937867.0
15123432837.0
15124706567.0
15129699655.0
15125884118.0
15124818196.0
15126951334.0
15126726536.0
15128229654.0
15129613200.0
15124544616.0
15128372290.0
15124544526.0
15124746679.0
15127948473.0
15125379103.0
15127194002.0
15129614171.0
15123822032.0
15123827939.0
15124621444.0
15123392669.0
15123283960.0
15125893590.0
15123095609.0
15127457715.0
15129798180.0
15123541000.0
12103412004.0
17373343431.0
15128484224.0
15128258434.0
15122583594.0
15124585325.0
15129600044.0
15124504217.0
15127483111.0
15127518186.0
15127884990.0
15129442423.0
15129000054.0
15129686197.0
15129706185.0
15123350707.0
15124296933.0
15124662125.0
15128370275.0
15129632004.0
15127751234.0
18329824865.0
12104517564.0
15126901225.0
18306249000.0
15122809344.0
15129666369.0
17372627861.0
15128725676.0
15126437979.0
15126937620.0
15126098103.0
15126231759.0
15125432651.0
15124563443.0
15128254371.0
15125686927.0
15128459702.0
18335733627.0
15125779228.0
17374004716.0
15124410800.0
15128270748.0
15127861211.0
17372557755.0
15123867633.0
15129630376.0
15124686140.0
15127792886.0
15124284344.0
17372765950.0
15124725042.0
17377037114.0
15122568618.0
17372763769.0
17373873753.0
15124027886.0
15128351900.0
15124620585.0
17372045941.0
15127453481.0
15127109144.0
15129169354.0
15124446626.0
15124407229.0
15124135948.0
15122822331.0
15127129530.0
15124419893.0
15127708974.0
15123895112.0
15124782165.0
15122435645.0
15126552726.0
15123268478.0
15124428078.0
15122436821.0
15127070109.0
18004313000.0
15127069577.0
15124421400.0
15128400706.0
19566055611.0
15127194872.0
15122432214.0
15125885671.0
15129280378.0
15124125719.0
15127142722.0
15122020693.0
15128032693.0
15122302145.0
15122207668.0
15129406922.0
15127195251.0
15128379500.0
17372582318.0
15122734558.0
17137258302.0
15122030525.0
15129856570.0
15127780791.0
17373591475.0
15124722428.0
15123853720.0
15127034110.0
15123753041.0
15123996554.0
15128489318.0
15128836900.0
15127485698.0
17202974414.0
15126767350.0
15125663166.0
15122547663.0
15123332643.0
15128617802.0
17372475767.0
18302203176.0
15125405125.0
15122229175.0
15127895525.0
15126402643.0
15122703577.0
15126650250.0
15124027700.0
15127450624.0
12546815410.0
15016817971.0
15129126157.0
15129403734.0
15125373755.0
18327426477.0
15122207661.0
15129790206.0
15122009332.0
15129284580.0
15127594247.0
15127665489.0
15127694118.0
15125377956.0
17372607042.0
17373586017.0
15126988444.0
15122584798.0
15123798111.0
15125547328.0
15128369779.0
15128510650.0
18063053291.0
15123856600.0
15129313222.0
15128948938.0
15129661157.0
15129699179.0
17375304098.0
15128466426.0
17372342253.0
15126144444.0
15129820671.0
15129370590.0
15128329933.0
15129922714.0
15125885693.0
15122198335.0
15128340346.0
15127017838.0
15128970635.0
15127489480.0
18444762140.0
15122974627.0
15129388731.0
15122942027.0
15122892916.0
15123736514.0
15122700501.0
15127296436.0
15126904995.0
15123947152.0
15122531906.0
15126674919.0
17373790440.0
15122014033.0
12067017897.0
15123739680.0
15125186753.0
15129959379.0
15127396683.0
18554268265.0
15124410329.0
14154127028.0
15126525733.0
15125848734.0
15122009565.0
15125350544.0
15122756702.0
15127333603.0
17372600412.0
12106011379.0
17373773328.0
18779000493.0
15124419966.0
15127905991.0
17374846746.0
15123934652.0
15127677400.0
15125355839.0
15125038969.0
18325096810.0
15128924402.0
15128932256.0
15122982113.0
15128872976.0
15126085751.0
15126631749.0
15123127956.0
15126335384.0
15122437441.0
15124230981.0
17372052971.0
15123286995.0
15125224258.0
15122921830.0
15128470757.0
18305968069.0
15127997284.0
15122159016.0
16822927059.0
18173613092.0
18175627507.0
18173953372.0
18173380000.0
18174416758.0
18177331015.0
18177737966.0
18173862490.0
18179532754.0
18175416224.0
18177996090.0
18176460254.0
18173365708.0
18174399157.0
18172037767.0
18175872852.0
18175231291.0
18173079857.0
18178826170.0
18172221177.0
14696527576.0
18175129278.0
18177259749.0
18176092555.0
12142136697.0
18172396693.0
18175891678.0
16827476253.0
18178346125.0
18174291115.0
18174381857.0
18177328183.0
18174209159.0
18176333333.0
18172847336.0
18179265367.0
14698378358.0
18175022015.0
18773889884.0
18174061070.0
18173864084.0
18172905275.0
16826861944.0
18177333255.0
18175057112.0
18173360451.0
18172888891.0
12148751842.0
18178386883.0
18177101998.0
18176325055.0
18178833420.0
18173309543.0
18172129440.0
18179733540.0
18173816912.0
18174753025.0
19453729865.0
18179237150.0
18177156747.0
18176727555.0
18178313821.0
18177794822.0
18172229177.0
16828955325.0
18172656511.0
18179890423.0
18179209415.0
18173202556.0
18173819923.0
18172492380.0
14695518634.0
18178314275.0
18172229055.0
18174352577.0
19724267040.0
18174769963.0
19722759633.0
18172676542.0
18173352101.0
18174804526.0
18175852993.0
18177665706.0
18173415171.0
18172017100.0
19723321503.0
19724412956.0
14697204539.0
18179997363.0
18175082631.0
16823377235.0
18172052838.0
18177834343.0
18172218858.0
18176460408.0
18174566802.0
18177710570.0
18177304098.0
18172229777.0
18178991638.0
18177692535.0
18177707700.0
19725735115.0
18174853413.0
18178212394.0
18177600906.0
14694377065.0
18178316700.0
18176234668.0
18173505376.0
18176550776.0
18179269333.0
18175942877.0
18178740431.0
18174577373.0
18179386414.0
18175588182.0
18174840273.0
18179141224.0
16823462513.0
18172954270.0
18172704167.0
18176370560.0
14699121001.0
19727626487.0
16827770006.0
18175588181.0
18888506995.0
18179884779.0
18179734106.0
18179733996.0
18175870661.0
18175952244.0
19405354560.0
18174270228.0
18175847228.0
18177740003.0
16822901734.0
18173698703.0
12148432220.0
18172378574.0
18006104541.0
18177183881.0
18174449999.0
18178894007.0
18064181097.0
18175947434.0
19038755746.0
18177816793.0
18179880771.0
18176770842.0
18175029088.0
18177780307.0
18177343073.0
19452922313.0
18179539966.0
18172849204.0
18173337310.0
18179010001.0
18888998585.0
18177354800.0
18175029355.0
18173791002.0
18172222600.0
18173321115.0
18175358241.0
18178389094.0
18173488489.0
16822242377.0
18173362355.0
18179268443.0
18172590920.0
18178311663.0
18177379090.0
18178319998.0
18179451535.0
18178316451.0
18174761418.0
18007722347.0
16822073112.0
18172444100.0
18176263089.0
18173347926.0
18176342289.0
18176265000.0
16827470879.0
18175143853.0
18179261789.0
18178039830.0
16827070009.0
18007921030.0
18176249090.0
18175109642.0
16826105714.0
18172821385.0
18175812229.0
18173328393.0
18003457398.0
18174786149.0
18174200858.0
18175187895.0
18177178363.0
18179003354.0
18178878128.0
18177312993.0
18175401888.0
18175385473.0
18176249595.0
18172612561.0
18173612186.0
16826105729.0
18173352291.0
14692147064.0
18178347141.0
19727222408.0
18179347861.0
18172810024.0
14692620220.0
15038474936.0
18173609036.0
18178326845.0
18172635967.0
18173014247.0
18176850099.0
18176086304.0
18176720567.0
19722422229.0
18172838888.0
18176087324.0
16822502190.0
18172847904.0
18178346401.0
12545921208.0
18179920934.0
18179394822.0
18174519675.0
16827724611.0
18172620989.0
18175616400.0
18179029055.0
18174273222.0
18179043381.0
18173550044.0
18172321692.0
18176260108.0
18177982635.0
16822684077.0
16825405053.0
18179402474.0
18179995733.0
16825535963.0
18178097803.0
18174200577.0
18178314000.0
18175891567.0
18173207848.0
16823913562.0
16822046487.0
18174847511.0
14698954064.0
18178802713.0
18177538023.0
18173710709.0
18177912687.0
18175504470.0
18173576226.0
18178017084.0
18173829635.0
18178078665.0
16827075007.0
18173809662.0
16827744401.0
14693216189.0
14695589655.0
18174273232.0
18179160079.0
19402557044.0
18173572011.0
16822974090.0
18172321416.0
18172898200.0
18178931680.0
18174384300.0
18178775800.0
18175460790.0
18174989666.0
18174288077.0
18173805049.0
18173791117.0
18175037474.0
18172375355.0
18176404066.0
18176255244.0
14697089151.0
18172368482.0
14695249924.0
18175619812.0
16824627633.0
19722872354.0
18178865433.0
18174471784.0
18172424883.0
18179377138.0
18179373863.0
16829904239.0
19726261965.0
16824097137.0
18172444370.0
16827778272.0
18174130100.0
15124852145.0
18179238005.0
18175604144.0
18176312487.0
18175515000.0
18179530906.0
18176919249.0
18177315855.0
18179236100.0
16822085490.0
18179921104.0
18178857979.0
16822826815.0
18177174813.0
18178846328.0
16828086569.0
19727230225.0
18172936571.0
18175560911.0
16823936995.0
19036030739.0
19722636517.0
19724359828.0
18178550825.0
18172008443.0
18177679428.0
18174786650.0
18175345944.0
18179267884.0
18173701892.0
18176970158.0
18174844266.0
18173709384.0
18173251120.0
14694656655.0
18174054575.0
18172327060.0
18178805834.0
18176611273.0
18176165081.0
18176465844.0
18174511018.0
18174763051.0
18176747522.0
18172848009.0
18176189916.0
16822041747.0
18176165001.0
18174614900.0
14692784777.0
18175955953.0
18177569228.0
16824337128.0
18179733551.0
18179736350.0
18172841700.0
18175950580.0
18176542006.0
18175950525.0
18175951440.0
18177401801.0
16822037741.0
18175714574.0
14698227603.0
14694189316.0
18174438333.0
18177578963.0
18179885600.0
18175373298.0
18174395700.0
16823716975.0
18173723704.0
18175600263.0
18178569445.0
16822286025.0
18175089393.0
18179160082.0
16827157168.0
18174489467.0
18175969729.0
18177997327.0
18179291789.0
18179003858.0
18173829006.0
18173672074.0
18173676000.0
18179172516.0
18172441874.0
18172443400.0
16822853939.0
18173672464.0
18172221283.0
18176057246.0
19403705201.0
18174061509.0
18178881555.0
18172840334.0
18179002030.0
12547720670.0
14692756994.0
16823343047.0
18175925335.0
12145097138.0
12147851130.0
16824773580.0
18175149530.0
19728238800.0
18177018920.0
18555240687.0
18174318929.0
12143801579.0
19728377224.0
16828004600.0
16825216700.0
18178620188.0
14692152258.0
18178560026.0
18173939984.0
18173744879.0
18888020005.0
18175729400.0
14695497348.0
18178829420.0
14694568833.0
16823013055.0
18172268812.0
19728850010.0
18173196278.0
18174426630.0
18173951200.0
14692587720.0
14692785287.0
18173821745.0
18177892167.0
12149006160.0
18172378104.0
18172461866.0
19405313369.0
18662027437.0
18172299450.0
18177327961.0
18179277267.0
18174372405.0
18175803172.0
18177077035.0
18173862014.0
18167979302.0
19728056811.0
19152650914.0
19158211223.0
19155338278.0
19152899627.0
19158221865.0
19158333545.0
19157510090.0
19157273650.0
19156918291.0
19152045151.0
526572998508.0
19158921894.0
19158921895.0
526568517994.0
19157570350.0
19155421313.0
19155664313.0
19155779504.0
19152284008.0
17204838190.0
19153510440.0
19155886391.0
19155332178.0
19155336802.0
19153336356.0
19157274303.0
19155658238.0
526565554530.0
19155441550.0
19152284062.0
19155347304.0
19155421609.0
19155448700.0
19152467773.0
15127752053.0
19157753948.0
19155918457.0
17206284010.0
19155624620.0
19158008339.0
19157993634.0
19158925790.0
19158459900.0
52202289833.0
19154225292.0
19152221919.0
15755899210.0
19155322123.0
19159956909.0
19155494999.0
19157512966.0
19157723886.0
19155321600.0
19152559653.0
19153558295.0
19157789377.0
19157310333.0
19152014127.0
19155884221.0
19155441566.0
19155447575.0
19157594024.0
19152217229.0
19152882722.0
19153520800.0
19157908428.0
19153018344.0
19157781971.0
19155336993.0
19154749472.0
19153559900.0
19152315836.0
19155926323.0
19157784640.0
19158439240.0
19154125953.0
19155321734.0
19158220039.0
19155421502.0
526564269238.0
19157777792.0
19155815458.0
19153010507.0
19155335555.0
19154946100.0
19152422393.0
19157784220.0
19156134576.0
19159200576.0
19157721469.0
19155330984.0
19154556900.0
19157793388.0
19158213550.0
19158558800.0
19157811054.0
19157798686.0
19155951794.0
19152745044.0
526561765323.0
526561295478.0
19158558172.0
19152654928.0
19157797473.0
19154947285.0
19153361638.0
19155849934.0
19155945500.0
526567481253.0
19152778004.0
19152596230.0
19152883100.0
19153368825.0
19152475221.0
19153205511.0
19152535663.0
19152091332.0
19155496991.0
19152650916.0
19153469448.0
19155190078.0
19152708723.0
15055817975.0
19152887900.0
19159200999.0
19155446634.0
19158080330.0
19156916723.0
19152578075.0
19155650418.0
19155194416.0
19155883264.0
19154932746.0
19154007300.0
19152767405.0
19152749850.0
19158452560.0
19155337107.0
19154122271.0
19155850909.0
19152822737.0
19152401119.0
526566120858.0
19156265672.0
19155904700.0
19152617227.0
19158585104.0
19152295597.0
19158521027.0
19158019366.0
19156003304.0
19157401316.0
19155814347.0
19154552964.0
19154443582.0
19159991066.0
19158616337.0
19158214888.0
19159755900.0
19155257299.0
19154403133.0
19157994752.0
19158599151.0
19156131348.0
19152451293.0
15752336626.0
19153550215.0
19158607406.0
19153479074.0
19152214898.0
19155331231.0
526566106141.0
526564197908.0
526566146042.0
19152622335.0
19152655080.0
526564303148.0
19153053030.0
19155668673.0
19152553671.0
19155816955.0
19157920902.0
526566175090.0
19153596237.0
19158332400.0
19158585511.0
526566483299.0
19158774790.0
19152531033.0
19158582317.0
19152564183.0
19153339250.0
19152416092.0
19155194406.0
17026009495.0
15756130846.0
19158513759.0
19014464250.0
15025070751.0
19156299039.0
17026000941.0
13252210088.0
19155038986.0
15745334920.0
19152650317.0
19155194403.0
17194816466.0
19158435326.0
14078149098.0
18332258751.0
17192423304.0
16362740522.0
19158610494.0
19158593469.0
19182243662.0
15756473484.0
19153339457.0
19366459030.0
13527532460.0
17403352482.0
18128767666.0
14047751164.0
16066823880.0
15404837867.0
19155813076.0
17017515868.0
17707489044.0
12543791988.0
18036469400.0
14092396342.0
12174463533.0
12504882077.0
14253197841.0
18284241149.0
19152298419.0
19157810381.0
19155331756.0
19155440371.0
19157559333.0
526566113131.0
19155443351.0
19158457946.0
19156915394.0
19158731978.0
19153175062.0
19152921418.0
15753321068.0
19152620428.0
19156379031.0
19157797861.0
528004559524.0
526566132711.0
19157750090.0
19159220660.0
19152660384.0
526561993473.0
526561280666.0
19155323895.0
526566180299.0
19158870459.0
19155668845.0
526566845790.0
528003850005.0
19157720393.0
19153582787.0
526566122649.0
526562073439.0
526562144238.0
19152063720.0
526566156005.0
526566176670.0
526566106666.0
526566165206.0
526566152348.0
526561004892.0
526566751517.0
526566114720.0
526566388637.0
526562728012.0
526566169868.0
526566100319.0
526566555372.0
526569153095.0
526561721536.0
526566310724.0
526566474801.0
526569164640.0
526563030475.0
19155492603.0
18773638378.0
19152523014.0
19157260683.0
19152328428.0
19152017258.0
19153556906.0
19158386400.0
19157264277.0
19154979459.0
19153213820.0
19152285184.0
19157512761.0
19157400070.0
19152064460.0
19152575719.0
19153832177.0
19159100700.0
19152228960.0
19152199633.0
19156211904.0
19157724198.0
19158429322.0
19159909543.0
19152630386.0
19154551090.0
19155814401.0
19157014138.0
19155888115.0
19152005530.0
19155194340.0
18665660222.0
19154870397.0
19157518261.0
19157926169.0
19153433023.0
19152178471.0
19156335881.0
12814405004.0
19283372764.0
18642451167.0
19153018902.0
19153739379.0
19158560059.0
19152527766.0
19157555832.0
19152560670.0
19152240281.0
19153055677.0
19157605511.0
19158457315.0
19158330027.0
19157511200.0
19155336497.0
19152396700.0
19155876005.0
19157313977.0
19155393040.0
15754897012.0
19158202270.0
19155851183.0
19153083327.0
19155191087.0
19152694476.0
19159005824.0
19152550779.0
19155879958.0
19157515615.0
19157795736.0
19155925859.0
19157516644.0
19157065060.0
19154492682.0
19157788328.0
19156948186.0
16572027239.0
19153295380.0
19158597373.0
19158596009.0
19155989333.0
19155928659.0
19152265700.0
19158756967.0
19155917206.0
19158591616.0
19155956905.0
18059410414.0
19154083467.0
19517881321.0
17067384424.0
19188911737.0
19159207832.0
19157777816.0
15035152599.0
19154083326.0
19152749669.0
19158556065.0
19152131515.0
19153134272.0
19152079635.0
19155982516.0
19154916564.0
19153835128.0
526568869669.0
526568607735.0
526567674423.0
526563124555.0
19159900246.0
19157271200.0
526567924550.0
526563178851.0
19158592808.0
526564540414.0
19152697940.0
526561904414.0
526561670476.0
526567109309.0
526564466972.0
526561472900.0
526566206370.0
526561728400.0
526564466933.0
19155435970.0
526564076473.0
526566377846.0
526566104084.0
19157308992.0
19152282811.0
19158036481.0
526566107751.0
526566200528.0
526566205445.0
528717474645.0
526566550131.0
526566379944.0
526566198182.0
526562575555.0
523335967029.0
526566203355.0
526566200868.0
526565661850.0
526566101785.0
526567066868.0
526566122321.0
526561001566.0
526566328041.0
526566052343.0
526561729413.0
528000046633.0
526566148525.0
19157724040.0
19153075546.0
19152263467.0
19158580166.0
19155939998.0
19155918350.0
19155936827.0
19158205483.0
19155922997.0
19157870747.0
19155903434.0
19152834000.0
19152524801.0
19153516868.0
19155989049.0
19152725659.0
19152172200.0
19152191060.0
19158595757.0
19156918363.0
19155912919.0
19158599362.0
19152719524.0
19153339075.0
19158589996.0
19155988178.0
19153175152.0
19157740040.0
19157740088.0
19155166390.0
19157716500.0
18664126726.0
19152265950.0
19155951270.0
19156265360.0
19152557765.0
15623431436.0
17196360073.0
17204297204.0
14157124782.0
19163501484.0
16195376655.0
19092259903.0
13126389878.0
14242122860.0
15207420750.0
18886982739.0
14045487324.0
17148521213.0
16048368238.0
12089611328.0
15099407746.0
17207422770.0
19153362009.0
19516994420.0
18056499857.0
17043258400.0
13105306663.0
12532441361.0
15033571444.0
15058833159.0
14159138941.0
19417865932.0
19098810898.0
18004649287.0
18067297613.0
12486691888.0
15163078423.0
19154081028.0
15759970190.0
19154913873.0
19153149193.0
17204646204.0
18653786414.0
19154403882.0
17208534555.0
17124908985.0
19155853980.0
19139821322.0
19155849942.0
15036662280.0
13363315712.0
19155337004.0
19158737000.0
19159227534.0
19152195558.0
19158568901.0
19153833905.0
19157744267.0
19152097278.0
19157793296.0
19155954337.0
18552566016.0
19153584773.0
19157027944.0
19153734127.0
19155627741.0
19157785111.0
19152095560.0
19152012281.0
526144350755.0
526561849421.0
19157780789.0
19152992100.0
19154749332.0
19158602672.0
526563667900.0
18056390123.0
19152167582.0
19154747315.0
19182216990.0
19182413605.0
14695719901.0
18167638200.0
19182059665.0
17372812462.0
19153413718.0
14323094090.0
19156132016.0
19155845430.0
19155776011.0
19158335661.0
526566274583.0
19155845414.0
19152972695.0
19157811711.0
19155844774.0
526566122611.0
526567902032.0
18172410797.0
12142570974.0
18179093788.0
18174603221.0
18172425538.0
16822976526.0
19724459105.0
16822047258.0
18178077069.0
18173237319.0
18178191471.0
12147993322.0
18179178392.0
18172252153.0
18178738514.0
18172904867.0
19726420174.0
16822171114.0
18174591111.0
16825542475.0
18178609177.0
19725590174.0
12145718518.0
18172176452.0
18178888762.0
14697726383.0
18177693712.0
18174067122.0
19726027111.0
16824274043.0
12149003355.0
16823021942.0
19728224380.0
19725840154.0
18177910551.0
18177673341.0
16823273908.0
16822266928.0
12148100713.0
18172612217.0
14695522688.0
14697725820.0
19726628223.0
19722618887.0
18179622257.0
17139244900.0
18175925426.0
18173716413.0
18177529410.0
16829999443.0
19723391200.0
16822766432.0
18179235248.0
16825530163.0
12149449514.0
18174601111.0
18173898251.0
18172353045.0
18172741854.0
19725327055.0
18173822260.0
18177016748.0
18172740661.0
18178866899.0
19726461693.0
18173086444.0
16828005148.0
19726390478.0
18176404343.0
16822063539.0
18172395966.0
18179006560.0
18335687359.0
16822190320.0
18178600050.0
18178073874.0
16824004868.0
18178034444.0
12149352344.0
18174568698.0
18173309499.0
16822049386.0
18175950116.0
19725870074.0
14697794964.0
18174698857.0
18175338025.0
12542547808.0
18174619241.0
18173334924.0
19726392907.0
18174225287.0
18175878657.0
18175289827.0
16822081281.0
18178453533.0
12144776615.0
18172262665.0
19723625004.0
16825529059.0
18172044784.0
14694683232.0
18177707275.0
14693171660.0
19724494233.0
18176522780.0
16828086946.0
18179295771.0
18174404030.0
18177398145.0
18552252183.0
19033564344.0
19728233300.0
12143041500.0
18174670213.0
14695791853.0
19403899932.0
18173819486.0
18172953701.0
19794739236.0
2346822534780.0
14697225425.0
18173053220.0
14694380344.0
18175398850.0
18174978261.0
18179003793.0
18177753295.0
18175876304.0
14692817879.0
14697238322.0
12146942550.0
16827306106.0
14695320558.0
18179345131.0
19726414837.0
18176891810.0
18176280606.0
16823232757.0
14698772466.0
18174602626.0
18172137213.0
14692631111.0
19722415588.0
19726023900.0
18177840990.0
18177850007.0
18177641851.0
18775660956.0
12149437576.0
14698819166.0
19403660476.0
12146834091.0
12143157290.0
14696190850.0
14692063741.0
19726478172.0
16822929250.0
12149455381.0
18178933380.0
18172852800.0
18173965918.0
18172687711.0
18172825381.0
18174823426.0
18174404106.0
18174054540.0
18178314939.0
18178865512.0
16829074737.0
18172581175.0
16829004100.0
19729864006.0
18175715812.0
18178297997.0
18175164554.0
19723955363.0
18176162200.0
18177247382.0
2342818498236.0
14695170922.0
18176752239.0
18177794665.0
18179449085.0
18173337534.0
14693006595.0
19725036340.0
19729652070.0
18179918917.0
12142882803.0
19728858094.0
18172830183.0
19403543003.0
19036000095.0
19724841200.0
18177340040.0
18174350850.0
19723148100.0
14692686609.0
18172676353.0
18174955280.0
12148335053.0
12142678433.0
19728103431.0
18173735720.0
16822063531.0
12143074264.0
18175629261.0
18178419520.0
16822681937.0
18179853613.0
18172147494.0
12147187891.0
16823457595.0
18175400381.0
19727901550.0
18172673900.0
12149208420.0
18173998300.0
14699282569.0
19726414519.0
18177533993.0
19722060118.0
19726418444.0
18172260005.0
16829908383.0
18179622616.0
18172821365.0
18172821375.0
12146313143.0
18176527406.0
19724383131.0
19723317770.0
19722527490.0
18172684727.0
18172654291.0
18175619944.0
18172765700.0
18172006858.0
18172992800.0
18178138124.0
18172837381.0
18175453000.0
19722633223.0
18175577714.0
19723104938.0
18179196820.0
16824331263.0
18179463529.0
18178392050.0
18173750458.0
18173350149.0
12147538987.0
19728919235.0
16825688280.0
18173812071.0
19452922306.0
18174174848.0
18177845998.0
18177048920.0
16823374830.0
18179941321.0
15053390323.0
16827771556.0
16822589859.0
18174691961.0
14696525911.0
16825215888.0
18172017038.0
18175168678.0
18175184701.0
18175588983.0
19723385883.0
18175581923.0
18174014002.0
18176457586.0
12143258028.0
14694725080.0
16827049586.0
19729797346.0
19723018425.0
18175580403.0
18179912336.0
16823647013.0
19407656448.0
18179994665.0
18177656220.0
18177842340.0
19726028877.0
19724741100.0
18174784511.0
16824330006.0
18175489292.0
18174615803.0
18175579732.0
16824526984.0
18176339100.0
18173967269.0
18179757978.0
14699282700.0
18175571839.0
12144009222.0
16822414796.0
18177848552.0
19725220060.0
18174786881.0
12143791562.0
18174460368.0
19722625326.0
12147576691.0
18174730045.0
18174679101.0
18174684224.0
19722624665.0
16824338822.0
12145194410.0
18174043781.0
12144065443.0
19727235535.0
12147044635.0
14699645678.0
12144327919.0
19728056308.0
16822060515.0
19723028743.0
19722633002.0
14693717203.0
12145010639.0
19727635979.0
19727872269.0
15678686643.0
12144900220.0
19722641806.0
12138100968.0
12146824052.0
18179070276.0
12144138771.0
18176575600.0
18002504918.0
18178962226.0
19724005420.0
19726393790.0
18175250264.0
19724274107.0
19722510018.0
14699699928.0
19035900801.0
19038873168.0
14693315527.0
14693847767.0
18179458652.0
16828044704.0
18173953532.0
18177931260.0
18172267221.0
14697353868.0
18178629856.0
19727908449.0
12145352876.0
14696633577.0
14699430811.0
12149894872.0
18778508311.0
19726393231.0
14695653288.0
14699990852.0
18887972267.0
14695497302.0
19725598623.0
19725141940.0
14693201227.0
19452121675.0
18177172341.0
12142204829.0
12144925842.0
16825408953.0
16822263454.0
12146770454.0
18175001538.0
16826515334.0
14694936996.0
14697238998.0
19032687382.0
14697951213.0
19726797867.0
19727559867.0
18173818863.0
19726008622.0
16824728211.0
19726460907.0
19728856690.0
19723992022.0
18176329445.0
18172830966.0
18172752138.0
12143725326.0
18174760090.0
14696733132.0
19722525241.0
19726201661.0
14692915040.0
12143572020.0
12142067005.0
14697067774.0
18174594300.0
18005235135.0
12142210265.0
18178617307.0
19724664104.0
18172859515.0
19722551613.0
14695862460.0
18174592209.0
14693974487.0
18174818807.0
3009725513.0
19724660002.0
19722301015.0
18175251023.0
18172741040.0
18178460903.0
14694478247.0
14695449174.0
19726164888.0
18179532582.0
14696374051.0
19724781082.0
18174815869.0
18179153360.0
+19727679206
+12148387180
+19729383355
+19729773782
+19728323460
+19362417771
+12143567195
+16822515572
+18176129106
+12144715949
+18178452069
+18172841600
+18174785406
+18174762885
+18172776022
+18175770770
+18176705528
+13612474540
+13613069663
+13612137977
+13618540881
+13618839900
+13612492083
+13618827272
+13619920700
+13618825926
+13618826969
+13612890022
+13618542006
+13614387700
+13617307381
+13618280479
+13614436626
+13619916464
+13618824387
+13618520213
+13617281018
+13614387756
+13612474169
+13618282673
+13619948418
+13617747148
+13618557339
+13615588605
+13323160295
+13618265840
+13462201388
+13612449442
+13618839770
+13618823232
+13613362090
+13613573353
+13618527992
+13612106970
+13617282876
+13618886342
+13618514065
+13618145988
+13618539346
+13618877700
+13618888281
+13618844800
+13614132772
+12543551018
+13618551900
+13618876762
+18305703118
+13617307011
+13615105375
+13612891977
+13616330123
+13612416000
+13617755360
+13619914069
+13618132676
+13614382418
+13619040302
+13618550997
+13616780033
+13617792047
+13612408466
+13618532170
+13614523693
+13618551013
+13618507706
+13614460439
+13612394115
+13616603075
+13619377555
+13617659221
+13612027110
+13617424303
+13612137976
+13614004021
+13616958044
+13613341219
+13618545309
+13618528858
+13618833766
+13618846326
+13612897473
+13616739413
+13618848214
+13617285749
+13617796578
+13618821300
+13618280449
+13617307005
+18004724643
+13618822111
+13618848909
+13612890200
+13619941151
+16197607975
+13618808100
+13612491072
+13618555449
+13612321354
+13613563682
+13618822231
+13612408571
+13612992900
+13612995161
+13612890996
+13618850315
+13612995577
+13615495745
+13618527711
+13618524450
+13616935020
+13613605581
+13612891095
+13614703084
+13612142503
+13612884994
+13613563414
+13617923153
+13619935039
+13613207161
+13617748114
+13613915636
+13617909005
+13143846024
+13615283758
+13617397851
+13612080331
+13618087062
+18302145841
+13618888881
+13616916171
+13618546462
+13617826329
+13619030316
+13618876234
+13617762900
+13617794986
+18889041709
+13618889388
+13618841677
+13612992400
+13618848877
+13617796543
+13614281500
+13613342323
+13614457789
+13619915600
+13618547499
+13612661088
+18176246611
+13619940342
+13618765085
+12106573030
+13614469251
+13618840411
+17279409541
+13618849335
+14697359169
+13618550633
+13618808905
+13614619875
+13618790031
+13612076676
+13618889231
+13619061363
+13613566002
+13615297420
+13618878888
+13614522018
+13618525152
+13612002820
+13618552665
+13619850616
+13618555920
+18887933746
+13618523176
+13613427747
+13614410795
+13618836203
+13615492677
+13612025797
+13617421685
+13612330811
+13612089205
+13612050839
+13619461750
+13618003929
+13614388423
+13612041688
+13619331064
+18008645387
+13617583732
+19363277095
+14096513566
+13615375623
+13619928360
+13376586105
+13612211500
+13619852888
+13618150661
+13615336185
+13618545454
+13614466925
+13618831223
+13613172803
+13614349320
+13612251111
+13612891900
+13619937072
+13613013723
+13618767417
+13616552244
+13618510262
+13616736689
+18605275515
+13614450189
+13612903495
+13618575661
+13614364151
+13619937665
+13612141180
+13612494039
+13618878277
+13614440824
+13619914486
+13619947665
+18444762140
+13617659546
+13617286949
+13618501804
+13614443065
+13616889609
+13617372705
+13619860326
+18882221485
+18008488493
+13619931400
+13618578300
+13617429312
+13619931390
+13616660635
+13613714040
+13612641088
+13616739000
+13614527824
+13612895451
+13612220354
+13618519117
+13618348146
+13612001280
+13614259646
+13612230266
+13618863400
+13612895272
+13618084654
+13618521221
+13618828896
+13612046208
+13618617342
+13612892832
+13618149530
+13618336100
+13618884607
+13615510068
+13616838072
+13612995100
+13613345577
+13618147748
+13615631641
+12816602487
+13613561927
+13619958721
+13616969967
+13614139091
+13617773180
+13617295000
+12813565000
+18302855409
+13612755121
+19563815223
+13613717810
+13617770665
+13618822575
+13612897000
+13615498559
+13619860613
+13619947426
+13614463189
+13617799333
+13612330066
+13619929623
+13615009550
+13619441333
+13619463494
+13616788129
+13612913821
+13618770759
+13616585997
+13614615254
+13619468208
+13619064344
+13618849811
+13619291964
+13619929393
+13619299529
+13616605132
+13613341811
+13612832710
+13619370912
+13613336208
+13618522727
+13618009805
+13612903807
+13614449940
+13613605556
+13616334235
+13618005991
+13614435206
+13619916912
+13618509006
+13616924190
+13346575527
+19102259504
+13615378851
+13523690346
+13615103927
+13612387372
+13618577647
+13618530441
+13618530149
+13619060118
+13619925096
+13619399131
+13618871030
+13618512632
+18136843386
+12106336889
+18432709402
+19192058248
+12104300962
+14046554932
+13107537325
+13618819616
+13618948955
+13618522342
+13613423502
+13619477853
+19727287156
+13612044454
+13612668292
+13612470027
03014033553
+13613340868
+13614458835
+13615636286
+13615586605
+13618539556
+13612891388
+13614842616
+13616958948
+13612683193
+13612415381
+13618821777
+13614639155
+19182218648
+13149620956
+13169450117
+13614251726
+13616831312
+13616007435
+13614539127
+13614428301
+13612055282
+17276454390
+13162635055
+13612836211
+13618839838
+13618841001
+13612492941
+13619042016
+13618833556
+13618828282
+13618841876
+13617243107
+13618771029
+13613172728
+13612903250
+13612229291
+13612444511
+13618837600
+13615637182
+17048255000
+17042896858
+13618136512
+17048429508
+13619604210
+19282162268
+17044486884
+18585180242
+17046712588
+14085168746
+18004328994
+13612895400
+13612895151
+13615482726
+13612990006
+18326455000
+18508672509
+17708665160
+15129829594
+13618550339
+17135189660
+13212024820
+13523020990
+14172131960
+16154432267
+15034068233
+18323172555
+14102747424
+18004144990
+12109000967
+18059820918
+12106273850
+13524323950
+19792151169
+12148173755
+19725884668
+19729921767
+19726728616
+16822840966
+19728101017
+12142279554
+19725446544
+19729136165
+19724981047
+12148681832
+19452959895
+19726122170
+19728900716
+19729967111
+18775775862
+19724400496
+14695250000
+19726628725
+14693733571
+19728460010
+19724495274
+19726452363
+19727034411
+19724227301
+19724146661
+12148507296
+19724246479
+14699853299
+12148519333
+19402993805
+19723480253
+14699696436
+19722036550
+12142717242
+18174611117
+14698177527
+12147333635
+19729269111
+12143157672
+12144138080
+12149005430
+14693312106
+19728679748
+14694309527
+14696137785
+19728421914
+19726461153
+19729005514
+19724374429
+19726197607
+19727283962
+12144710842
+19724068076
+14698986929
+14698964954
+14693153765
+14692520599
+19724221505
+19722312860
+14695876808
+19722315155
+19726304285
+19729984396
+12148431810
+19729962890
+19726262212
+14692240577
+18178096393
+19724241402
+14699208731
+12145098812
+19403605826
+19723090521
+19724661917
+19723798426
+14693108161
+14696341094
+19723321869
+19724230227
+19725160497
+16822681967
+14693952622
+19723797652
+19724956666
+19727072184
+14699083837
+14699258080
+19727084593
+12143157445
+12142066580
+19723099382
+14693373725
+19724305659
+19722756398
+12144184964
+12149838242
+12142514438
+19723608505
+12143102665
+19724244905
+12146131000
+14697221438
+19402903800
+19728431326
+12144293692
+12142902615
+14695513473
+19723277060
+14697331004
+19724412308
+12144127783
+19725565346
+14698250116
+19727819084
+14695433005
+12144139494
+19729927331
+12144281544
+14694377462
+19723229658
+12143683838
+19722468157
+12146087798
+12144303461
+19728550770
+14694666545
+14698095032
+19729484500
+12145249715
+19727362186
+14692222106
+19729729280
+19726199621
+19722861444
+12147338883
+19722327891
+19729518361
+14692594583
+14697517694
+19728430135
+14693485134
+19726345533
+19725819169
+12149191031
+12143262634
+19724370021
+12149105696
+19723120700
+19725099222
+19724240058
+12142393131
+19725788897
+19728810205
+19725789688
+12145015139
+19724230556
+19724245047
+19726339530
+14696308476
+19724291700
+12142186415
+12146065541
+12147385657
+19726702690
+14699702715
+12143854755
+19727648692
+19723719983
+19725160001
+14694257922
+14697574767
+12143495965
+14697513567
+19452170882
+18176931827
+19723902122
+18339173197
+19722719144
+12149748672
+19723017085
+12145582686
+19725090224
+12143804033
+12144915422
+14696711664
+14695370056
+14698092927
+19722673694
+19452205551
+19728362964
+12144715775
+18333253629
+19723797286
+12147171647
+14692904547
+19452020415
+14696426882
+12148815435
+14698073678
+14696173690
+12142885984
+19725739191
+13475869556
+14698507087
+14699661542
+12148156745
+14693616688
+19727371316
+19728468587
+14692059073
+14699430817
+14693073787
+12142272763
+19725627452
+19727796274
+19404824000
+12144059957
+19728539233
+19727626308
+14695320101
+12142258767
+14694078173
+19728211752
+12143838080
+14696803100
+19724237165
+19724600292
+19727950573
+14696061515
+19724242600
+14696252130
+19725277665
+19722422289
+18003796818
+19725624996
+14696803291
+14694765499
+14694312231
+19723989938
+19725480070
+19727273454
+19725963309
+18003718970
+19725091636
+19725787571
+19727461575
+19727478328
+19726182906
+19729878677
+19724917444
+19725199559
+19725967393
+12143836841
+14694244880
+14695896930
+14699604849
+14693426819
+14692382211
+19725295167
+12146648090
+12147999284
+14694719505
+12145543105
+19726329935
+14699726679
+19728141576
+14694733300
+19722013253
+12147654817
+19728919656
+14695514200
+19727831362
+19722710850
+14696341105
+2349724549343
+19722787111
+19722021118
+19722346143
+12149787013
+19728975033
+19726778126
+14696986801
+19728506999
+12149267466
+19726698229
+12143419300
+19724405468
+12142999223
+19405977957
+19728643020
+19725911331
+19726814434
+19452922321
+17133599569
+12143800034
+12148780741
+12143951275
+19729791091
+14692333403
+19722720155
+19726449500
+19724870366
+14699725222
+12142384350
+19724791335
+12148179049
+12143413355
+12144999889
+19727711607
+12146673908
+12149494336
+12148923733
+12142123100
+18888448105
+12148336970
+19452922310
+19727648861
+12147786461
+19727764455
+14695475209
+14699405144
+19725979099
+12144497388
+19728811919
+19725444889
+14699556425
+14699740699
+12148863326
+19724221130
+19034376563
+12143432288
+14699727799
+14692097614
+19724757774
+19722310535
+14692594721
+19727169587
+12144402989
+12147851239
+12145539293
+19722480645
+19722504048
+19722311872
+19724965600
+19726699580
+14699171953
+12143210155
+14692833333
+14699040313
+18338691704
+19728485582
+12145031773
+19724700030
+19724851171
+12143646664
+19724894658
+18338932727
+12143210589
+19722545600
+14694745190
+19726984416
+14692999500
+19725640633
+19724292223
+14692482136
+19726727646
+19725678651
+14699641974
+19724295575
+19729416677
+14698290072
+19723571400
+14694321111
+19724499476
+19723306688
+19729559758
+19727871070
+19032855255
+14698653374
+12149180840
+19728786679
+12147698355
+12147636663
+14695123395
+19728977626
+14695563958
+14698557083
+14692499511
+14694439124
+19724293777
+19722385529
+19723452216
+19724295213
+14697569816
+14693283243
+12142679944
+19808997997
+19726984495
+19726490467
+14697038531
+12149437744
+19723917290
+12147342532
+14699603171
+19452035080
+14695287452
+19723799328
+14699900354
+14699364331
+19728632117
+19724218848
+19452922331
+19452328766
+14695051098
+19728183333
+12142146922
+19723777600
+14694149195
+19722695639
+19727334343
+14696883724
+14696391825
+14698469166
+19725273207
+12149235007
+12148567674
+12146737929
+19729318666
+19726193887
+12146692089
+19726199626
+19454188674
+12142346894
+12147023581
+18666162004
+14693060293
+12149090108
+12143485600
+14698296944
+19722946950
+19727419500
+14693450865
+14692327350
+19726323558
+16467194206
+14699911266
+19727760010
+14699917040
+14695179529
+14696690684
+14693890073
+18776560851
+16823457827
+14695560943
+19723460304
+14697746055
+918777862411
+19724237011
+14695896915
+14692621776
+19729967995
+19726461824
+19729874255
+19728458220
+14697770217
+18665564501
+19729448882
+19404488811
+18172034241
+12142161727
+19728984073
+12147558398
+14697726218
+19728401700
+14697038130
+14697333907
+14695896925
+19724925369
+14699005194
+14692297758
+14695171532
+19724869882
+14692130822
+19725482479
+19724298888
+19727581213
+14695497300
+14698373104
+14699987663
+12148569634
+14693937336
+19724498534
+19728920000
+12143058223
+14696260655
+19038158549
+19033657300
+12148318138
+19725594477
+19724429523
+19723018387
+14693239013
+14697030209
+14694343499
+19726197231
+12143803399
+19729651046
+14699361537
+14692337136
+19729854523
+14697778834
+12146994784
+12142185881
+12143258821
+18882154224
+19723607891
+14699200547
+12148144300
+12149976899
+14692770979
+19722380171
+14698928577
+19724231279
+14694387549
+18665304734
+14694161055
+19722427900
+19727139267
+18174823875
+19722444831
+14695624100
+19728097540
+14693691279
+19452922324
+12144754575
+12143617887
+19562356657
+19562851540
+19567239513
+19567269999
+19567243675
+19567266311
+19563379296
+19567950751
+19562377810
+19567409405
+19565055320
+19563362046
+19562063885
+19563336935
+19567257428
+18552339383
+19562842393
+19567252495
+19564363122
+528672310103
+19569491100
+19562692248
+19563249350
+19562901000
+19567254460
+528677191394
+528671546756
+19567232241
+528677145953
+528677171160
+19567442094
+19566355916
+18582951690
+19565680270
+19564136100
+19567239339
+528677148779
+19567220531
+19565528200
+19562679687
+528677194270
+19567259601
+19564764847
+19567268000
+19567261030
+19566451435
+19567243845
+19567217300
+19567260377
+19566258113
+19564101501
+12107934113
+528677158888
+19566122415
+19564460984
+528672122689
+19567234412
+19567235551
+19567537033
+19563742507
+19565230133
+19563246207
+19562854787
+19567264419
+19566351642
+19569372710
+19567913042
+19567280003
+19564152507
+19567220596
+19567272235
+19565319910
+19567277275
+19567287760
+19567260541
+528677124766
+19566459516
+19567277473
+19562206455
+19567630178
+19569523358
+19567220519
+18138720200
+19562367620
+13464895622
+17373874105
+19566259034
+17138511376
+14692502383
+18307307796
+12108668048
+18172104773
+12812137063
+19564625444
+17704754240
+12677192354
+17209996120
+14057942914
+14807026165
+15127579751
+15126902137
+14092270423
+12102092839
+19033727935
+14322420108
+17035704183
+19567250468
+19797756572
+19563337116
+18175998765
+14092634870
+15034730376
+14696882101
+16476605030
+19567538831
+12546240702
+19515121191
+17274370030
+14058259283
+15595464989
+19793410756
+12093150777
+19182365110
+13187313179
+19565405907
+19567247368
+19562829059
+19567269444
+12106374624
+19566357507
+19563074358
+19564138929
+13462225848
+528677157389
+19562678064
+14053770643
+19567280114
+17316429375
+14078900116
+19564419557
+19408411736
+12703957763
+19562400113
+18506824440
+15743205595
+19563053535
+19566457257
+19567222665
+528672361610
+528677808080
+19567223492
+19567129800
+19563201050
+19566933905
+19564773946
+19563248260
+17608865891
+19567299953
+19567238750
+19567220761
+19567912273
+19562840409
+18304988921
+19564018025
+19567225572
+528671712134
+528673299630
+528672041951
+528677357640
+528677102080
+528671159255
+19569556869
+19567225559
+528677101498
+19563261200
+528671217860
+19563074665
+19565238300
+528677220752
+528671965157
+528675444930
+19567275427
+14075922365
+12488249354
+19097098378
+19564494888
+19562207211
+19566457313
+528672234013
+19567446359
+528004559524
+19562954488
+528677240550
+528677153918
+528677187777
+528677104481
+19567273326
+528677134373
+528677142464
+528671499567
+528677187627
+528677153500
+19567271628
+19567654363
+528671870030
+528672304858
+19563378517
+528671482644
+19562512727
+19567534029
+528672203921
+528677542660
03021867765
+19514342731
+19565918893
+528000174336
+528677107756
+19563195783
+19567220581
+19567220981
+528677152184
+528677122276
+528671823923
+528677106136
+528677142271
+528677155900
+528671310044
+528672413974
+528677103455
+528677262769
+528674094774
+15203266681
+15202470911
+18018155893
+12107977471
+18562916809
+15036922885
+15093929144
+13606003273
+14258303749
+13602717393
+14077399678
+12107632721
+15043305991
+14126700999
+19282796958
+15035514701
+13212846024
+16476395389
+19719839456
+17206934587
+18006034467
+16154766492
+13614635510
+17788192687
+14087614770
+15592505202
+13183497365
+15853487108
+12105990012
+17579944307
+16047800186
+12532177751
+13063808811
+14152371112
+19562515176
+19565522483
+16143515181
+17122109540
+15413377529
+15416992249
+19567245311
+19563196858
+528671207604
+19567278697
+19567407727
+19567272626
+19567275279
+19562375255
+19567538689
+18645062315
+14409639275
+13195332723
+19739621010
+19034693979
+13604004343
+14254323084
+14782902440
+16019396666
+16786643037
+19853459411
+19406362480
+17707865098
+12542308905
+12535884282
+17133394645
+13608955412
+16623321279
+13366298449
+14252246227
+12069622600
+15186927477
+13256691355
+19565081080
+13606686561
+12629689812
+13367660880
+15856827756
+12315874891
+13867344000
+13605021696
+16154761990
+17067395764
+17054348343
+16132733078
+13606971271
+15805171442
+15706600923
+19735438900
+16132431441
+12076673429
+12766081763
+528671176803
+528677183190
+528671870636
+19563374563
+19562356840
+12108840814
+19565978798
+528672857956
+528671403939
+528672664136
+528677128144
+52207244954
+528672120207
+19567235663
+19567263892
+18066076348
+18066076296
+18067953528
+18065904975
+18067491000
+18067633988
+18065895171
+18067827454
+18063372753
+18067017853
+18065351571
+18067777167
+18065875537
+18067828312
+18067936081
+18066320137
+18064411610
+18067410519
+18063924882
+18067624635
+18063290211
+18067901174
+18068313953
+18067474481
+18064549688
+18067628841
+18064755725
+18062142722
+18069288456
+18063045117
+18067625584
+18064519966
+18065001624
+18067656888
+18063920681
+18068062822
+18067838318
+18067960206
+18064649201
+18067732364
+18067920809
+18062302907
+18067922307
+18067621066
+18066055061
+18067951888
+18067451822
+18067440029
+18067785337
+18067473557
+15753905177
+18067316106
+18063709011
+18068535616
+18067458678
+18062090976
+18067457077
+18067941300
+18062419529
+18067853000
+18064120164
+18065353352
+18065446444
+18065594959
+18065447712
+18065352817
+18067922503
+18066980675
+18067806900
+18063343894
+18062035949
+18065432202
+18066321352
+18069057042
+18064549332
+18002892224
+18067411446
+18064414110
+18066871212
+18067638900
+18067499500
+18066877285
+18068789273
+18068662382
+18067987908
+18067670902
+18067442766
+18068554019
+18067988679
+18062414085
+18067485345
+18067976909
+18063707593
+18067948776
+18067444939
+18068634777
+18064513383
+18067956363
+18067951207
+18064770598
+18665193785
+18067492327
+18067975325
+18062245690
+18065830937
+18065772860
+18066876326
+18067779485
+18067811714
+18063091383
+14322027544
+18067021905
+18067906359
+14322761217
+18067751337
+14324232702
+18062242894
+18065166569
+18067872457
+18064380904
+18067825800
+14322508832
+18066082791
+18065493240
+18063000546
+18067621822
+18067470004
+18062819000
+18067635224
+18067923721
+18067655648
+18063001694
+18068660588
+18067948338
+18065447808
+18063754798
+18067788340
+18065590954
+18062392519
+18067955528
+18067657759
+18067898366
+18067770360
+18062394690
+18067771910
+18064387372
+18883162704
+18069286589
+18064746779
+13252017462
+18065357503
+18066207567
+18067498040
+18067443835
+18067411247
+18068012634
+18067752509
+18068606945
+18067770713
+18066860404
+18067937693
+18065438015
+18065355308
+18062812276
+18069931620
+18066425008
+18065483337
+15805653466
+18066322334
+18064746446
+18067782349
+18062017674
+18069990188
+16202754384
+18069836337
+18067474898
+18067638208
+18067470448
+18063173827
+18067478415
+18067655490
+18067713500
+18063688867
+18064167663
+18067713600
+18067997030
+18067943760
+18064078971
+18067445300
+18067806745
+18067633444
+18065034792
+18067435000
+18066860838
+18067843140
+18067922493
+18067471152
+18064728796
+18067621880
+18067843176
+18064724300
+18067624088
+18067679015
+18068922626
+18067656088
+18067881484
+18067807995
+18067446168
+18067473980
+18067473454
+18067625052
+18063684142
+18067949728
+18067477767
+18067939686
+14358684020
+18067451713
+18065482645
+18064450017
+14322238502
+18067819616
+18067979510
+18062418523
+18067901309
+18065537555
+18065480238
+18063198665
+18067781779
+18067825485
+18069937867
+18063197558
+18062395526
+18064014010
+18063174359
+18067017174
+18064120746
+18067014390
+18067318332
+18065035469
+18067771083
+18063198613
+18067872415
+18067012981
+18067783300
+18067842005
+18063929064
+18063177725
+18067998898
+18062241545
+18067935558
+18067854817
+18066962168
+18062301526
+18062023778
+18066980295
+18067450303
+18067013057
+18067877140
+18062241979
+18067914102
+18064725900
+18066981290
+18064335198
+18067824190
+18065591536
+18069934011
+18067453398
+18067733342
+18064483853
+18065891252
+18067043055
+18067879173
+14693158937
+18062833790
+18067957343
+18067981738
+18069027212
+18067813061
+18067496075
+18067813664
+18067621162
+18067852953
+18067058373
+18067910474
+18065353079
+18067636311
+18062156656
+18067715657
+18067474443
+18067442336
+18067631641
+18067655389
+18064077043
+18069392586
+18067983602
+18066302665
+18067963991
+18063004376
+18067904835
+18067639323
+18068922011
+18068315708
+18067624318
+18067750294
+18067825477
+18068051466
+10518489811
+18068662535
+18067991915
+18067913000
+18067639017
03015493360
+16092622910
+18067789938
+18067821310
+18065440299
+18067871216
+18063194382
+18067474521
+18067734084
+18067459796
+18065353162
+18067458273
+18067458733
+18067638213
+18065893504
+18773491343
+18066873969
+18068285881
+18068633400
+18067457579
+18067926677
+18066055540
+19122223248
+18067829624
+18062343109
+18063687393
+18065034980
+18062920728
+19182052487
+18062243003
+18067943993
+18065002395
+18062417293
+18069939391
+18063172798
+18067819306
+14692089725
+12544792184
+12147276922
+19722710431
+12145096029
+14695527309
+19728139540
+19453219893
+14697726675
+12148780079
+19724753532
+14696425721
+14696891884
+19722727878
+19728248833
+19722787075
+19723718973
+18174588049
+19722716848
+12148640743
+14699772237
+14693745933
+12148566489
+12148513886
+12143409421
+14699293540
+12149191728
+19724944115
+12812216776
+19724757632
+12145704966
+14693230454
+14698720066
+12146673744
+14699705805
+19722765088
+14694043092
+12142386621
+19723609434
+19726133139
+19724120150
+12143431105
+12142210012
+12148237917
+19723873334
+14699725225
+19722124638
+19724753227
+14693005559
+12146410136
+12144417955
+14692632709
+12142211400
+19725307184
+19724858808
+19453407256
+14694645998
+19724290928
+19726199598
+19726867733
+12146218086
+19728431103
+19724138124