+17135682909
+14325580011
+19726798195
+14694523963
+18009346771
+14693333166
+526572694583
+13462184565
+12547272577
+12144205997
+18304763420
+19795515116
+12817736862
+14322342154
+12814409494
+12818021940
+13463001908
+18309558655
+19033739119
+18177397497
+15129471452
+15124013638
+12544584374
+13256777448
+12107795022
+13252009384
+12816589593
+19404248383
+13252687703
+18326993830
+19402032317
+13256683629
+13254390914
+15127693591
+15127453914
+14328532009
+13258297072
+12544332121
+12544598997
+13254560156
+13258008881
+12105898193
+13257045020
+13252675243
+13256696970
+13254504705
+13256172332
+13259981874
+13257322042
+12816232590
+18325202427
+12815901260
+12146609494
+12103064445
+18176086020
+18322497202
+18174559597
+18885777889
+12542001843
+18177134056
+12149049090
+12547933306
+12148973120
+16825561329
+14693009577
+14697281603
+12106889908
+18665425477
+14302720521
+14698280829
+13254373004
+19722434009
+14694962789
+19722506722
+16823447137
+18179533300
+19725289398
+18172004040
+18178209773
+17132235231
+18172074700
+14692149161
+18063539818
+16825542179
+18176622020
+12147075224
+18172769181
+14692893304
+14695837377
+18175926300
+19365983210
+18322105357
+15128973989
+14326835113
+19727996031
+12145412788
+14099488615
+12143052755
+18066554794
+14696026761
+14694812707
+15124723522
+15122102960
+12144438250
+18175268166
+19727216502
+18174386857
+14097355300
+13259477767
+14326971234
+14099435750
+16829902108
+15122689074
+12143215578
+12147440766
+12149732441
+15136019246
+14693861800
+19722476416
+13256921682
+12542051975
+13256467753
+12547764630
+19725470811
+19722764299
+18175790302
+18305154766
+18179894400
+19722649143
+14693316028
+19723465150
+12549682886
+19037968398
+14698409377
+15122534928
+18306445575
+18324443005
+19562465407
+12543008987
+12544851823
+15128842233
+15124817280
+19365984745
+12392340477
+13256924799
+12546934666
+14692008014
+14692982215
+19367035028
+18324588525
+19459987457
+14328971552
+12108223244
+15122913997
+14093567940
+19727043339
+12148178016
+12542133436
+14322471044
+12542131678
+19033286442
+14693726121
+14692066173
+19033371264
+18303874005
+13257637005
+18309923156
+19038920500
+14323076933
+14322715516
+19723577575
+14322790765
+16825009601
+19036083008
+12144846877
+18178418235
+12149037835
+15419083002
+13257041276
+13257042089
+14697299920
+13257041701
+12144684809
+14324445437
+12542458576
+12817706669
+12542133131
+18326834224
+12149640796
+13256172028
+19794060955
+12544387012
+17373464807
+16157698304
+13252328840
+18176159945
+18175506257
+14322146847
+12545493038
+19723577889
+18177829077
+14325528077
+15126885531
+13257042028
+12547680314
+19726299690
+13257041237
+17377044229
+12818518156
+19726853996
+12105459182
+14692480110
+14695229140
+19793610450
+16822546073
+12144286203
+18322431902
+14099410045
+15124511179
+12145650002
+17136917730
+12144265242
+18175080099
+14097454492
+13253723253
+18305981436
+18306934219
+14099410808
+15123553031
+12145659680
+18178195851
+12815645558
+15124061690
+14697098183
+18306209172
+17136929006
+19726028725
+14093304606
+15128589811
+12548835901
+19723663144
+12149158461
+13254463102
+13254468823
+15127934700
+12147601236
+12819702669
+13253963333
+18302284432
+12812563556
+12545840009
+18308682900
+15122880882
+14695432280
+18444001035
+15128434984
+12148237674
+12548835933
+17136970847
+12103487788
+18303362450
+19792799700
+15124713556
+14099454601
+18308963994
+18175401030
+15122381411
+18308682800
+12546298423
+18172823736
+18308852225
+14098327820
+12105661644
+18326747850
+15124027703
+12816269100
+17136430637
+12818588833
+15124027700
+19722315155
+19724267040
+18177328183
+17132241643
+12147415463
+17132252800
+12107646644
+19798305544
+12142210265
+19402402425
+14692060415
+15128320013
+12143883456
+18324493555
+12149487547
+17134661966
+18172888891
+13463961295
+18174300674
+19797797042
+18173360451
+19724664104
+18309923301
+18007722347
+19796907636
+13615723191
+15126515152
+12108260616
+15124544616
+19724230227
+19796934655
+15122198335
+18306200771
+16822073112
+15122552527
+18174844266
+17139844646
+12546805231
+17133937036
+12545265171
+18179102057
+19727553794
+19797766277
+19367563393
+18172612561
+13256570443
+19726201661
+18172444100
+12105362674
+18175401888
+14696803291
+14692915040
+13252355419
+13256467500
+15122484050
+19039103312
+17139429519
+17133072451
+12547531591
+14699171953
+18302026467
+18175143853