+12058033900
+13343010191
+12519682504
+12564282022
+12059853019
+15615330344
+12059897277
+13345847402
+13348771447
0512235125
+12565336550
+12563610836
+12053487647
03319999993
+12565344428
+13342631915
0514427991
+12565823845
03331224411
0514851193
03016598845
03067777982
03405482246
03450202990
03333949543
+12565242127
+12059914446
+12564341748
03125364881
03111555990
03345707184
03042008465
03005223329
+12058233030
03355806700
0514906859
03020333393
03015635480
0515761289
03065155281
03245318343
03349595569
03350972045
03005525250
+13348971607
+13342911700
+19072585535
+19072245420
+19072726110
+19072652326
+19072764933
+19074168989
+19072432800
+19073305200
+19073462133
+19073138250
+19073442581
+19079295835
+19073733033
+19072763119
+14809559375
+16023239600
+14809412140
+14804344433
+16024414378
+14805137586
+16022521323
+14803481577
+14805902699
+14807752830
+16029420030
+16027434638
+19283016964
+16023427575
+16024604491
+16233299923
+19284672468
+14794345858
+15014559100
+15013593593
+14799362160
+14795216151
+15017586340
+14796841749
+15017583080
+15016644956
+14794456545
+14796313096
03165290785
+18707772777
+18704345512
+18702692726
+18054458520
+16196889113
+15592990660
+17604790166
+13103938355
+13102769600
+16192672850
+12134846321
+15594324100
+15596880283
+15592561700
+15592227215
+15594470262
+19495480810
+15594336750
+14154743190
+15592908024
+15594167185
+15593248215
+15593234895
+15597974096
+15594723267
+15592984549
+15593248174
+15594322628
+15595588951
+15593253120
+15594461986
+15597606910
+15597217292
+15595703574
+15598752555
+13033843000
+13036884495
+19704685780
+13032003805
+13033883900
+17208187062
+17208879900
+13035959919
+17203236125
+19709040716
+13039342220
+17195932600
+17202546468
+17195388114
+13034469500
+13035346161
+13033331201
+17195915515
+13032606001
+13034493774
+17195940111
+15055870586
+13037922999
+17206124308
+13033849888
+13033990201
+17203853600
+18886572881
+13038936127
+17193557239
+17208051973
+17206504487
+17202740789
+13037948100
+13034440722
+17202604539
+17202590135
+13034701010
+13035452090
+17196379497
+12038748269
+18606640700
+18604323398
+18603834340
+18603998656
+12033012240
+12037433247
+12037545650
+12032275165
+12035739898
+12034216669
+12034060172
+18608680119
+12035970388
+12033787754
+12035772000
+12038725040
+12038193824
+12032212205
+18608154705
+18604362213
+12033569667
+12037721310
+12034151071
+18604363258
+18605615072
+12038779393
+18606649505
+14752888686
+12032209424
+18603990049
+18606936170
+12032727248
+18607132538
+18603252606
+12032956000
+12033277128
+14752384498
+12033095110
+12035028118
+12037555603
+18606443182
+12032342162
+18605091060
+12037941211
+18607019123
+18602450200
+18606489436
+13022275227
+13027319816
+13022269223
+13024789271
+13025396110
+13026741787
+13027340415
+13026016225
+13024548007
+13027375471
+13026641840
+13026136400
+13022966360
+13027920555
+13026564409
+13024753696
+13022278288
+13014911007
+13028940895
+13023541985
+13026457300
+13024756560
+13026456589
+13023175980
+13023281040
+13023697015
+13022277110
+18335430751
+13022275444
+13023847559
+13026339960
+13029998980
+13025494236
+13025999659
+13022271602
+13028361734
+13024786800
+14078516255
+19548462350
+14072389301
+14072387787
+17273830367
+18338004343
+18133423790
+14073529600
+14073961306
+14243332043
+14079395277
+13059351110
+15615154400
+14073960500
+14073633555
+14076011392
+17868287044
+13212356986
+13217272000
+17273762497
+15616205555
+19545815186
+13053414200
+17278472036
+14075635200
+19549297710
+19548469779
+17274610099
+18133506311
+19548352272
+15614175151
+14077874181
+13059089610
+15614914540
+14076486803
+17274204080
+19419219084
+18133533713
+14075181383
+14075544675
+13053929151
+19413552137
+19548465130
+14042336767
+16784828788
+14046888859
+17703955860
+14049571705
+14049007900
+17066021305
+17702729880
+14049399270
+14042620992
+17702274362
+17707651000
+14042331902
+19127864561
+14047668913
+14044328717
+19294303373
+14042571323
+14044941150
+14704123838
+17705542024
+14704142208
+19128323270
+14782858882
+17069658398
+17062162586
+14045212224
+16785415803
+14048699222
+16785675100
+17067827029
+17069473773
+19129446113
+17709284105
+16784031905
+14784522562
+16788912719
+19124506444
+16783294567
+17062167084
+17066323700
+17066636801
+17705579919
+17709982622
+14784741078
+16784438980
+14046008387
+17067336767
+16787715833
+17628001451
+17066531950
+17068823338
+17705941671
+16783248023
+17705865955
+16789543459
+14705453045
+17063366961
+17704857437
+18088859501
+18442993024
+18089559517
+18085937502
+18089316105
+18088868811
+18089222246
+18089262323
+18087397500
+18087265769
+18087422831
+18088857178
+18086374416
+18088868822
+18089228832
+18089221800
+18664434763
+18089265883
+18085979055
+18085432145
+18087371022
+18082636339
+18089730580
+18089733266
+18089268844
+18085214578
+18089733388
+18088673120
+18089231191
+18084707961
+18088245110
+18082561388
+18089220062
+18083691131
+18084529008
+18089235692
+18084894330
+18089222299
+18088973763
+18088610733
+18085435300
+18085939151
+18089716880
+18085932883
+18089415500
+18089313591
+18089558441
+18089490411
+18085919995
+18089211000
+18085999601
+18086776700
+18085918411
+18089569645
+18084419757
+18082005282
+12083926723
+12083692152
+12087745759
+12085249385
+12082587459
+12085018207
+12083772613
+12083321013
+12086395000
+12082038359
+12087263210
+12083925223
+12089990274
+12088905246
+12083363854
+18887031206
+12089266100
+12085231010
+12083432506
+12089365647
+12083425505
+12087096124
+12085234818
+12084190796
+12085248300
+12083446604
+12085220700
+12088958433
+12089322900
+12082709524
+12083736000
+12088294134
+12084657533
+12088994474
+12084193404
+12084428145
+12083432582
+12087159500
+12085286202
+12085521370
+14066832580
+12083845299
+18479287500
+13122614700
+13122221622
+13124403580
+18473301537
+18156669951
+12177870110
+13122267777
+17738402456
+13094449884
+17086283677
+18475249590
+13096937773
+13096768402
+18479131988
+18478210735
+13092511399
+13098290018
+16305194800
+17737225500
+13312132695
+17792204179
+13123618573
+13124641110
+17735254400
+13125639779
+18473836888
+17082336887
+18478847411
+17084282116
+18472339621
+18474480404
+17085971144
+16304995068
+12174028366
+18889854157
+13097971866
+12176797134
+18152269003
+12173309904
+17087577775
+16306921053
+16303820088
+19175831538
+12176072867
+12245187471
+18153903438
+16308324500
+17737614626
+17083497300
+16303681339
+18474938696
+16305548049
+13129780978
+13123219400
+13095793550
+18446303375
+18125269764
+13172034555
+18332011970
+13177705996
+13175744000
+13174262552
+13179830485
+13179559925
+13172342468
+12198796506
+13178180725
+12608331516
+13175775600
+13177910420
+13178499993
+13175690780
+13173188104
+19293887922
+13172679005
+13172372900
+15747730002
+13179172755
+12607687300
+13177628780
+17654646519
+13175164731
+13177425089
+13178607606
+15133359123
+13179915633
+12192502554
+12607687399
+13173536710
+13178951930
+13177068913
+13173482225
+13176690955
+13174931423
+13177372146
+13177038697
+13174368674
+18125265933
+13177868246
+13172479408
+13172410618
+18128766292
+13178971740
+12197876800
+18129881025
+14633021474
+13173502399
+13174262116
+13193540863
+18332600877
+13196255522
+13193386111
+15159575500
+13195196305
+15152768551
+15152323679
+15152945684
+15156064135
+15154462512
+15639286432
+15632653939
+16414236688
+13196689595
+15152820082
+15159677832
+15635823760
+13193379444
+13195192104
+15152214320
+13193389441
+17123253231
+17123256000
+13193310851
+15152211938
+15159573151
+15157339311
+15159570252
+15159643150
+13196481234
+15159676837
+18889677467
+17124854446
+15154430500
+15152855454
+16414234474
+13194990838
+15632451799
+19133629668
+19132967951
+18165235553
+19134981111
+18169601444
+18166487872
+18168420471
+19133812229
+19138884400
+18167530100
+18163499646
+18162748444
+19139446298
+18168420200
+13167220500
+17855244752
+19133610117
+19133610030
+18556467724
+18163633545
+19134928111
+19132313190
+19132998672
+19133280322
+19138398654
+19134325228
+18162536614
+18162210220
+19133610069
+13162603111
+18015806395
+13168693435
+19133349828
+19132817705
+19138024076
+18168425525
+19133349134
+19133340285
+19133140340