16153003995.0
16292028198.0
16153970364.0
16152426601.0
16157308208.0
16157308167.0
16152273390.0
16152267222.0
16152510253.0
16159647457.0
16152791422.0
16159287122.0
16157092617.0
16159969592.0
16296665333.0
16152491550.0
16154777777.0
16158180407.0
16153310585.0
16158233369.0
16156007248.0
16158235790.0
16155050505.0
16152448473.0
16154572441.0
16156495415.0
16152449611.0
16157777797.0
16159108591.0
16159399639.0
16154019721.0
16157334999.0
16152590889.0
16159539952.0
16153602046.0
16156300674.0
16159971917.0
16154226625.0
16159319801.0
16154540907.0
16152544551.0
16158407476.0
16152982079.0
16152282410.0
16156498760.0
16156862499.0
16156096218.0
16158821987.0
16292026910.0
16153290876.0
16153539985.0
16152548040.0
16156082343.0
16158374600.0
16152564045.0
16295672251.0
16158877695.0
16159995156.0
16157528522.0
16159152531.0
14234818877.0
16158320887.0
16155841695.0
16153528863.0
16154607200.0
16153273861.0
19018492276.0
16154372118.0
16153998293.0
18005418473.0
16158669199.0
16153293322.0
16152546636.0
16157799276.0
16159448218.0
16156964000.0
16156304627.0
18005236366.0
16158573632.0
16155838000.0
16292069018.0
16158377777.0
18884344404.0
16158406367.0
13302566737.0
15612535891.0
16292164450.0
16158789744.0
16153339673.0
16298005995.0
16159032525.0
16156417600.0
16153194147.0
16159288027.0
16156509009.0
16158831166.0
16156933323.0
16157933050.0
16154658171.0
16155789103.0
16156125666.0
12703033884.0
16155732036.0
16153315007.0
16152408828.0
18007776794.0
16159553006.0
16159865207.0
16152549772.0
16157481002.0
16159874585.0
16157092592.0
16153859565.0
16159064163.0
16297026185.0
16152276584.0
16153311021.0
16152424027.0
16154320700.0
16155744299.0
16159647685.0
16153317776.0
16152489466.0
16152563060.0
16158407939.0
16153567104.0
16153207325.0
16157818650.0
16155257744.0
16154906656.0
16157320877.0
16158650054.0
16152260986.0
16159647200.0
16159884052.0
16159205090.0
16159881999.0
16155510842.0
16158602526.0
16154189427.0
16157050737.0
16156788120.0
16154322495.0
16158732667.0
16158515449.0
16152263576.0
16292545904.0
16152281376.0
16159537490.0
16158687522.0
16158128151.0
16157275776.0
16156120326.0
3475313853.0
3345083884.0
3337869100.0
16158652200.0
16158687090.0
16152277666.0
16158944687.0
16152625440.0
16158237200.0
16157305776.0
16156246224.0
16158601371.0
16155400095.0
16157728456.0
14232908288.0
16155061429.0
16158243780.0
16158517020.0
16298004700.0
16153311733.0
16158334141.0
16153319739.0
16156498104.0
16156498103.0
16155339959.0
16158336726.0
16158669829.0
16156475583.0
16153292282.0
16156799796.0
16156936000.0
16158349092.0
16152371926.0
16154543861.0
16153487446.0
16156475620.0
16156997171.0
16153098044.0
16159538343.0
3335301263.0
16159881432.0
16158348566.0
16152696664.0
16155961107.0
16159645088.0
16153833361.0
16153330055.0
16158911613.0
18008528473.0
16153333000.0
16158647110.0
16152570337.0
16152972943.0
16158574722.0
16157777100.0
16152387042.0
16153130000.0
16158648871.0
16153941831.0
12137069073.0
16157426195.0
16156069557.0
16156498797.0
16156693888.0
16154248017.0
16153600888.0
16158487728.0
16157932270.0
16153692145.0
16159539888.0
16159224919.0
15855652488.0
16157601341.0
16158891933.0
16158849800.0
3037778040.0
3335188329.0
3345313274.0
3335167974.0
16153910812.0
16157826700.0
16159715625.0
13122968833.0
16155833461.0
16154490004.0
16153496918.0
16158281678.0
16159539067.0
16153545100.0
16158231859.0
16153528434.0
16155821168.0
16153563626.0
16153279600.0
16158896003.0
16154006967.0
16154053909.0
16155898872.0
16159023998.0
16158830606.0
16292161968.0
13345054051.0
16155858702.0
16152009878.0
16158651660.0
16153854168.0
16297023110.0
16156720261.0
19315635052.0
16153998863.0
16155623764.0
16153524230.0
18779018473.0
19013861000.0
19014502700.0
19013579195.0
19017251165.0
19017251819.0
19013640771.0
19014884387.0
19014933924.0
18172108750.0
19015230296.0
19015171300.0
19016442661.0
19015695200.0
19016863633.0
19019468614.0
19014585505.0
16622222222.0
19015520088.0
19017918307.0
19016123102.0
19015012820.0
19017746440.0
19015873955.0
19012495638.0
18707354227.0
19013210820.0
19013990598.0
19012822561.0
19016501099.0
19015259703.0
19017912940.0
19012200287.0
19014522333.0
19018329016.0
19015098200.0
19015135640.0
19015006946.0
19017439475.0
18006856794.0
19018491333.0
18707329281.0
19012741881.0
19018701741.0
19015266267.0
19016490999.0
18704000098.0
19014585200.0
19015029312.0
19018001045.0
19018213328.0
19018818463.0
19014581197.0
19014987588.0
18707328255.0
19015254626.0
19012646025.0
18707330100.0
19018499219.0
19014105707.0
19013202790.0
19014317729.0
19013230446.0
19017419679.0
19012811723.0
16625607882.0
16465068189.0
19013249500.0
19017284244.0
19016744526.0
18706295034.0
19012750846.0
19015131762.0
19014602536.0
16623493006.0
16622536153.0
19014339414.0
19014579146.0
19013572348.0
19012073430.0
18707025550.0
19013864004.0
19015676477.0
19016661878.0
19014468360.0
19017798155.0
19013239365.0
18705512374.0
19015279225.0
19017411040.0
19016910886.0
19012751923.0
19013086147.0
19012925446.0
19013577600.0
19013636999.0
19017468212.0
18705517000.0
19013455484.0
19017078417.0
19013472526.0
19013968899.0
19013233332.0
19012075958.0
19013595665.0
19014509380.0
19017297114.0
19015747110.0
19017469160.0
19017914102.0
19015900054.0
19015660340.0
18707394787.0
19016448846.0
16025598962.0
19012076428.0
19018504595.0
19018598755.0
19014030938.0
19013038389.0
19017260006.0
19012187148.0
19013205784.0
19016469162.0
19016066340.0
19014463163.0
19015787777.0
19013969970.0
19013146590.0
19013459945.0
19014337205.0
19017958868.0
19013228340.0
19016522545.0
19013329333.0
19016072152.0
19016912920.0
19015549605.0
19015900674.0
19014825971.0
19013442200.0
19013451125.0
19014996480.0
19013403551.0
19012306568.0
16626558876.0
18707355000.0
18705142213.0
16628904771.0
19013965448.0
19013954009.0
19015817987.0
19015475866.0
19013819020.0
18004768876.0
19014333848.0
19017950707.0
19013273516.0
18703765196.0
19017793849.0
19013769843.0
19015523695.0
19013366743.0
19013532956.0
19016952033.0
19013586340.0
19016821657.0
19014980100.0
19013530426.0
19014639191.0
19013533212.0
19015528095.0
19013504456.0
19013272335.0
19017254654.0
19014302428.0
19016094665.0
19015523001.0
19016449134.0
19018305278.0
18706354003.0
19014679962.0
19016661073.0
16623856922.0
19013452059.0
18062308332.0
19019210298.0
19013447010.0
19013633639.0
19017414825.0
19015675244.0
19015674883.0
19015252696.0
19015900684.0
19019462931.0
19015261644.0
19013651788.0
19014258420.0
19017254766.0
19013675997.0
16623937662.0
16623424652.0
19015093271.0
19014061926.0
19016739170.0
19017468466.0
19017745374.0
16625105120.0
19013215847.0
18707352850.0
19013322489.0
19015850103.0
19015435400.0
19013082354.0
19013635900.0
19012784461.0
19013232296.0
12143887995.0
18707355443.0
19019698500.0
14798562054.0
19013104895.0
19013809212.0
19017485576.0
19018017444.0
19017797058.0
19013710223.0
18703944392.0
19015855441.0
18705140264.0
15089332587.0
19017858813.0
3065436696.0
3153030842.0
10514477766.0
3335197870.0
3355978348.0
3335374851.0
3325508009.0
3009037176.0
3345131006.0
3068008185.0
3235120195.0
3016704563.0
3009776416.0
3335503366.0
3335355263.0
3345055110.0
10514453330.0
3129188803.0
3009589555.0
3445214244.0
3335268965.0
3015416517.0
10515703333.0
3215584866.0
3335665753.0
3345004013.0
3215330085.0
3215694205.0
3335605051.0
3005202998.0
3315320813.0
3335908877.0
18707355966.0
19016949080.0
18707354285.0
18702442950.0
18707359800.0
18709029291.0
19016313808.0
19016838335.0
19013371431.0
19013790610.0
19013638030.0
16625105290.0
16623490055.0
16622808383.0
16628906620.0
19017953811.0
16623420194.0
19012706080.0
19014267003.0
19012774395.0
19012926737.0
19013630110.0
19012390917.0
19014154187.0
19014078327.0
19017796795.0
19014301000.0
19016827030.0
19012737377.0
19015297227.0
19014581292.0
19016496598.0
19016528690.0
19012758233.0
19013104110.0
17312779966.0
19013337220.0
19014108946.0
18705141090.0
19018253272.0
18655226486.0
18652831373.0
18652961186.0
18653209733.0
18653578898.0
18655242659.0
18653782750.0
18652375319.0
18655231188.0
18653334446.0
18655774158.0
18655228493.0
14236632142.0
18652421233.0
18656875121.0
18654741599.0
18655889922.0
18653697943.0
18655885165.0
18656438230.0
18655258204.0
18654556235.0
18652218954.0
18652298678.0
18653095947.0
18655882407.0
18655495743.0
18655221103.0
18653097267.0
18665408473.0
18655250356.0
18655775250.0
18655586911.0
18655883678.0
18656730106.0
18655224778.0
18652135577.0
18656889892.0
18655464454.0
18653129234.0
18656338473.0
18655241639.0
18656040519.0
18655126410.0
18656888473.0
18655462593.0
18655495744.0
18655127600.0
18659472422.0
18652125524.0
18656335035.0
18655735645.0
18656091700.0
18655734446.0
18656376109.0
18659707423.0
18656372582.0
18652293655.0
18652477040.0
18654064153.0
18656888695.0
18656886311.0
18655227120.0
18652120369.0
18655250200.0
18656881822.0
18653002734.0
18655236230.0
18655232955.0
18656602378.0
18655008171.0
18655447374.0
18652972084.0
18656708473.0
18659883421.0
18652435773.0
18653924646.0
18658502551.0
18653335454.0
18656915858.0
18656751633.0
18655252229.0
18658517307.0
18654548286.0
18659517371.0
18653394950.0
18659227567.0
18659145085.0
18656726682.0
18656887470.0
18656880387.0
18656884545.0
18654418231.0
18652455116.0
18656883345.0
18655649141.0
18657692373.0
18654570782.0
18656933227.0
18659956197.0
18652917162.0
18652590102.0
15052262125.0
12393623025.0
15853340900.0
16364631688.0
14073303588.0
12603876638.0
15177886425.0
12084390040.0
18656942168.0
18656866088.0
18656925307.0
18658249421.0
18656226333.0
18652590934.0
18655736965.0
18655790229.0
18652466569.0
18659993128.0
18659850336.0
18652008710.0
18778349746.0
18653092254.0
18655777676.0
18659850204.0
18652385241.0
18658303634.0
18659707556.0
18652537440.0
18652385165.0
18653702700.0
17045773865.0
18653272327.0
18659831621.0
18653320088.0
18655231115.0
18656913400.0
18659731318.0
18652685618.0
18655847136.0
18656870069.0
18659334116.0
18655795519.0
18656883781.0
18103211776.0
18652021244.0
18652218974.0
18659384447.0
18659386737.0
18655440486.0
18652373058.0
18653825191.0
18652217092.0
18655237676.0
18652818500.0
18655219600.0
18655216115.0
18659634980.0
14097385305.0
18652053070.0
18656374986.0
18655773945.0
18655255321.0
18659512950.0
16154551463.0
18655220717.0
18654090333.0
18655739550.0
18655246900.0
18655778212.0
18655234189.0
18655792223.0
18653297012.0
18655245337.0
18653571580.0
18655770488.0
18655007101.0
18655772596.0
18656727060.0
18652120406.0
18655739171.0
18665975872.0
18656370103.0
18652824516.0
18652815265.0
18652298704.0
18656883089.0
18659666674.0
18659660425.0
18658590061.0
18659478054.0
18652476999.0
14126837800.0
18655581800.0
18654092332.0
18656906951.0
18652474068.0
18655583178.0
18657690900.0
18654700890.0
18656887438.0
18656900600.0
18656909370.0
18653334467.0
18655243900.0
18657705165.0
18655889633.0
18656900876.0
18652498101.0
14237101001.0
14234987787.0
14235961853.0
14233566343.0
14239547201.0
14236220222.0
14238678949.0
14232668147.0
14232279986.0
14232679715.0
14232669355.0
14232901676.0
14237561566.0
14239332360.0
14232665237.0
14238882955.0
14232656368.0
14236938264.0
14236152480.0
14236349988.0
14237520059.0
14232553403.0
14236291400.0
14235088399.0
14237563935.0
14236221783.0
14232673253.0
14237564347.0
14232254017.0
14238671937.0
14238948221.0
14233858373.0
14236645503.0
14236984442.0
14238211433.0
14235313367.0
14238673100.0
14236294394.0
14239547039.0
14237196800.0
14232675826.0
14232650834.0
14238990227.0
14238031777.0
14238215434.0
14232423690.0
14233046255.0
14233948173.0
14236980503.0
14233319739.0
14236485865.0
14235168887.0
14233200867.0
14232189882.0
14238672020.0
14233135866.0
14236025388.0
14236290613.0
14236549067.0
14238997790.0
14232666692.0
14232660181.0
14238949604.0
14232502197.0
14236298082.0
14237631986.0
17068414257.0
14233154551.0
14237775000.0
17069444980.0
14236029609.0
17068206246.0
14234992741.0
17068915000.0
14234985449.0
14234133298.0
14234139934.0
14233625074.0
14238677696.0
14234259808.0
14232422011.0
14233051133.0
14232651728.0
17628876187.0
14238348459.0
14237719077.0
14236538987.0
14238259890.0
18885432082.0
14232660558.0
16148869544.0
14232420069.0
14233801985.0
14234885366.0
17033680600.0
14236243370.0
14238756793.0
14237083483.0
14232254023.0
14234259814.0
14238777771.0
18447008473.0
14237026120.0
14234033678.0
14233050143.0
14237137117.0
14238008609.0
14238349994.0
14236549315.0
14233218938.0
14238703997.0
14238770987.0
14238777950.0
14238709940.0
14233563658.0
14236482100.0
14238750244.0
14238008405.0
14238929983.0
14238778524.0
14234986970.0
14232656994.0
14238470926.0
14238423522.0
14234993576.0
14234990367.0
17069375600.0
14234178020.0
14239947683.0
14237085215.0
14232254029.0
14239541746.0
14236220906.0
14238254933.0
14238775569.0
14237746611.0
14238773857.0
14238259753.0
14238752276.0
14238752023.0
14238862414.0
14238775215.0
14236482353.0
14238554432.0
14238761990.0
17068206105.0
14232174540.0
14232651836.0
14235292429.0
14233529150.0
17066717389.0
17069375382.0
18656608558.0
14234998791.0
17069657344.0
14239423345.0
18889665696.0
17062720673.0
17066248193.0
14152463450.0
16789952890.0
19312536001.0
14235094580.0
14043660612.0
14234414642.0
14238771458.0
14236933390.0
17068668331.0
17068661249.0
17068661600.0
17069562854.0
17068660481.0
17069563091.0
17069273372.0
14236936276.0
14236297733.0
14238213355.0
17068613918.0
17068610835.0
17068614401.0
14234146131.0
17068201305.0
17068619915.0
14234002802.0
14235910403.0
14237561331.0
17064062288.0
14236226333.0
14236228361.0
14234010422.0
14236224771.0
14236224336.0
14236680531.0
17064198841.0
14236806400.0
18009622277.0
14234684104.0
18887957077.0
18775017766.0
17068615695.0
17068665203.0
14238674076.0
17068201581.0
17623446380.0
14235413200.0
14238925459.0
14234975415.0
18556985661.0
14237190760.0
14234987417.0
14237026715.0
14238053840.0
14237025777.0
14236043066.0
14234987412.0
14234998800.0
14235414411.0
14238998088.0
14238926159.0
14236615585.0
14233972224.0
15038046399.0
14232960925.0
14235958372.0
17062770051.0
14236807888.0
14236488001.0
14237561500.0
14238219058.0
17709908582.0
17062720986.0
14705728718.0
13342453064.0
14239334356.0
14236243731.0
18008750673.0
14233097440.0
14232668883.0
14106538080.0
14236984093.0
14235088621.0
14236827384.0
17034998606.0
14232658271.0
14237025074.0
14238550550.0
14238551022.0
14234684872.0
14234179558.0
14238883731.0
14237184434.0
14232104781.0
14234995815.0
14238554981.0
14234999095.0
14238555664.0
14234434519.0
18777413057.0
14234689161.0
14238555454.0
14232960303.0
14236980264.0
14234143950.0
14238778922.0
14237503333.0
14237567202.0
14237189519.0
19312884915.0
19318029312.0
19318962440.0
19316484442.0
19313787311.0
19319192905.0
19313785501.0
19319192452.0
19316483331.0
19316479199.0
19315033006.0
19314369050.0
19316482223.0
19319192504.0
19314198328.0
19316147910.0
16158771122.0
19315424445.0
19314191036.0
19319998380.0
19315520700.0
19319192640.0
19312415900.0
19312660032.0
19314290053.0
19313209236.0
19316459870.0
19315426001.0
19312450100.0
19312636724.0
19315528904.0
19312634487.0
19316459999.0
19316452434.0
19315387000.0
19316454549.0
19316482769.0
19315520151.0
19315527100.0
19315913835.0
19315913386.0
19315522575.0
19318022852.0
19312664447.0
19315514955.0
19318962161.0
19314443174.0
19315524044.0
19316475512.0
19313601860.0
19319192903.0
19318028079.0
19312634096.0
19313675299.0
19316452474.0
19319211451.0
19312377696.0
19316476119.0
19315913008.0
12706409812.0
19318018893.0
12706406053.0
17577316120.0
16157466632.0
19315426055.0
19317712423.0
19312182152.0
19314314288.0
19312660466.0
19319995333.0
19316475651.0
19315521966.0
12706404567.0
12704841206.0
12708863001.0
19319058090.0
19315420105.0
19316474303.0
19313050048.0
19313871020.0
16152193926.0
3335695439.0
19313671711.0
16153064895.0
19318883485.0
19312086451.0
19314653643.0
13174875969.0
19122626755.0
16148711881.0
18039955400.0
18037698252.0
16152478682.0
17247763271.0
15014926080.0
13143837300.0
15708222674.0
15132483900.0
12106619886.0
16153781600.0
17317845441.0
19722245823.0
15022333600.0
12157238473.0
16182518300.0
14043373294.0
19314722699.0
16157076188.0
19312169075.0
19318025480.0
19316481151.0
19316481098.0
19312038849.0
19318025235.0
19315425120.0
19316484255.0
19312203065.0
19314292855.0
16293242191.0
19315520733.0
19319192725.0
19312711646.0
19319062700.0
19315426482.0
19317887825.0
19316452403.0
19316471542.0
14233431895.0
19319190302.0
19319194744.0
19315522020.0
19315038243.0
19316477358.0
19315729800.0
19318011910.0
19312660090.0
19315538558.0
3355518665.0
10515552111.0
3010020202.0
3335333907.0
3215765482.0
19313785199.0
12706977938.0
19316459521.0
19315610363.0
19316488068.0
19314292076.0
19319330000.0
19315381433.0
19312786023.0
19319203986.0
19315523512.0
19318025656.0
19312084804.0
19312725033.0
19315038169.0
19316453996.0
19315524444.0
19316459011.0
19316454519.0
19316481607.0
19319205102.0
19316484351.0
19315510572.0
19315424642.0
18334169975.0
19314195767.0
19313680237.0
19316480637.0
19316459188.0
16156603085.0
16052718800.0
17122027500.0
16154147995.0
3469487548.0
16052718814.0
19318098124.0
19316483954.0
19094771351.0
19314360059.0
16024425288.0
19316482207.0
19319050237.0
19312416262.0
16292647001.0
19318962886.0
19734834695.0
19315518555.0
15739993259.0
19319051888.0
19318028912.0
13475338054.0
19319801405.0
19315610800.0
19319192535.0
18884100604.0
16159001341.0
16158968473.0
16159071978.0
16152255000.0
16157790006.0
16157058328.0
16158125969.0
16156919424.0
16156247851.0
16155466088.0
16158951185.0
16159047433.0
16156920146.0
16158811231.0
16156244681.0
16159001097.0
16158018276.0
16158493848.0
16156249377.0
16153350113.0
16158960200.0
16159555665.0
16292820013.0
16156921557.0
16159005761.0
16292672268.0
16152164890.0
16158950060.0
16158900075.0
16158954246.0
16159974491.0
16158771137.0
16158955384.0
16159003099.0
16159957109.0
16159003460.0
16158494017.0
16158957722.0
16158968429.0
16157132375.0
16158676622.0
16154392643.0
12707990142.0
16155569494.0
16156756096.0
16159077055.0
16159955850.0
16152816075.0
16156029354.0
16158924466.0
16158901234.0
16292017848.0
16153005520.0
16156921048.0
16158965844.0
16152038469.0
16159001625.0
16155560793.0
16156409405.0
16154109683.0
16158930252.0
16292820015.0
16154407880.0
16159030905.0
16158950388.0
16154129602.0
16152402002.0
16154890233.0
16155622217.0
16152177702.0
16156033238.0
16158951137.0
16154392639.0
16159003383.0
16152670052.0
16158936212.0
16159420431.0
16158786978.0
16156173754.0
16158932633.0
16154599000.0
16156648608.0
16159047303.0
16157938473.0
16157666078.0
16152207600.0
16158955808.0
16159105750.0
16153553001.0
16152033076.0
16159629050.0
16158934133.0
16158498247.0
16158933860.0
16158953501.0
16157933343.0
16158667939.0
16292074640.0
16159555210.0
19315397199.0
16158967700.0
16154626074.0
16156248470.0
16155567132.0
16152258097.0
16156253752.0
16159627327.0
16158961881.0
16153488239.0
16158619145.0
16292800944.0
16155787402.0
16158938814.0
16156247481.0
16159926426.0
16155381881.0
16159629135.0
16154590330.0
18333278718.0
16152235722.0
16292015921.0
16154818158.0
16158129277.0
16159063615.0
16158967297.0
16154711185.0
16156850073.0
16153551661.0
16154714948.0
16158931122.0
16154103572.0
16158672929.0
18777728711.0
16293108581.0
16158905155.0
16157161952.0
16292616582.0
16155241782.0
16159041601.0
16152036347.0
16158814120.0
16156421756.0
16292826127.0
16292074154.0
16158932428.0
16159076666.0
16154944840.0
16159072129.0
16154940063.0
16158485234.0
16158930643.0
16159566078.0
3218508664.0
3341323774.0
3335527352.0
3030512766.0
3169600941.0
3341555955.0
3015573676.0
17738321300.0
3325879914.0
3331915850.0
3015398411.0
10514847798.0
3340158799.0
3355098802.0
3219776548.0
16158906580.0
16296751009.0
16154396077.0
16159131896.0
16158486808.0
16158498025.0
16292076345.0
16155802198.0
16156913823.0
16158487000.0
16155381980.0
16158934123.0
16158930150.0
16156636296.0
16157525977.0
16154597030.0
16156276043.0
16152038975.0
16293021197.0
16154547570.0
16158498878.0
16152660145.0
16157941504.0
16157717090.0
16155951060.0
16158459060.0
16159539997.0
16157781616.0
16157944585.0
16158352184.0
16153702513.0
16156568357.0
16155957376.0
16292636904.0
16154931020.0
16154721825.0
16157948280.0
16155383857.0
16155912475.0
16156617750.0
16157781401.0
16157715844.0
16153768807.0
16157949890.0
16158236644.0
16156288237.0
16156734486.0
16155677915.0
16155967729.0
16158618524.0
16155997114.0
16152825273.0
16155956666.0
16152243296.0
16158234157.0
16159538836.0
16156565235.0
16293178298.0
16152063651.0
18558285127.0
16155444991.0
18557500978.0
16159884148.0
16153022559.0
16152832000.0
16155389983.0
16152296673.0
16152052045.0
16155993502.0
16156561214.0
16157907216.0
16153747518.0
16155950414.0
16159332669.0
16155609159.0
16152247973.0
16153538999.0
16152248302.0
16158212706.0
18886480006.0
16152502212.0
16159858473.0
16155675060.0
16159725097.0
16157902385.0
16157726149.0
16156105050.0
16155917024.0
16154546391.0
16155495966.0
16155917445.0
16153770500.0
16155385184.0
16153769300.0
16292765283.0
16157903600.0
16153735868.0
16156787740.0
16156274138.0
16153734114.0
16157092574.0
16153764248.0
16159223240.0
16158235802.0
18555748042.0
16158072035.0
16159336892.0
16157943265.0
16154721002.0
16157911425.0
16157903180.0
16154894400.0
16155848269.0
16153776101.0
16156568461.0
16157990392.0
16157900998.0
16157948406.0
17317361980.0
17314278541.0
17318034395.0
17313004647.0
17316688300.0
17314243649.0
17314232588.0
17314241512.0
17316682424.0
17319847391.0
17314246001.0
17314675371.0
17314675642.0
17315549090.0
17318036552.0
17316687827.0
17313001433.0
17316649046.0
17316163113.0
17315742306.0
17316686958.0
17317363701.0
17313007277.0
17312006320.0
17312078822.0
17316649391.0
17314247002.0
17319286485.0
17314278099.0
17315712972.0
17313001913.0
17313002304.0
17314220901.0
17314441029.0
17313301100.0
17316680908.0
17314240800.0
17316684947.0
17314225508.0
17316941422.0
17314675540.0
17318681416.0
17314272469.0
17312525455.0
17315060732.0
17319893844.0
17316686550.0
17316868341.0
17314241486.0
17312157403.0
17313002308.0
17314232888.0
17316607399.0
17314271311.0
17313002777.0
17317362348.0
17312981061.0
17314270060.0
17319352800.0
17316602834.0
17316241000.0
17316641860.0
17313931042.0
17316640873.0
17313007381.0
17317363700.0
17316681234.0
17316602694.0
17314223306.0
17316684191.0
18775107785.0
17314242173.0
17313003128.0
17313302100.0
17313003587.0
17317414545.0
17317073236.0
17314231533.0
17316606157.0
17313137970.0
17314440327.0
17316608880.0
17313004500.0
18002317303.0
17316641157.0
17316688084.0
17319887700.0
17317802036.0
17316646933.0
17313003600.0
17316680368.0
17314225545.0
17313003222.0
17316685726.0
17313001175.0
17314231214.0
17319822701.0
17316646117.0
17316645782.0
17313439199.0
17314247165.0
17314673049.0
17314627033.0
17314225977.0
17314270856.0
17312134539.0
17315541382.0
17312452002.0
17314675390.0
17314221614.0
17318550633.0
17246797829.0
17317362344.0
17312347133.0
16158196087.0
17317988292.0
17319892837.0
15129867879.0
12109244410.0
12143980400.0
16238462125.0
12143812903.0
14074388553.0
16027623740.0
14693347719.0
13618575828.0
16237590900.0
3335196171.0
17024456430.0
16106263547.0
12107887803.0
15058844060.0
16314750109.0
12148215438.0
18506825121.0
3035009999.0
3355591443.0
19729822440.0
17319344582.0
17318473380.0
13347058001.0
17314230524.0
17314232828.0
17316080419.0
17316608484.0
17316605424.0
17319822119.0
17316964465.0
17312656883.0
18646999837.0
17313007600.0
17317841616.0
17314223722.0
17317360780.0
12018639166.0
13018821377.0
14108757098.0
17123226636.0
14023313700.0
17317721504.0
17313007780.0
17033697808.0
17068364385.0
17184656846.0
12023401639.0
17313000252.0
17316639824.0
14233285130.0
14232839189.0
14239298109.0
14239283922.0
14232834854.0
14239284531.0
14234308019.0
14237472227.0
14239264161.0
14239264112.0
14232184343.0
14239684242.0
14239269500.0
14239133111.0
14232327940.0
14234806463.0
14234918134.0
14232023124.0
14233028387.0
14233287036.0
14232821458.0
14234342678.0
14233280595.0
14232822303.0
14239297001.0
14239283849.0
14232822642.0
14232168323.0
14234340225.0
14238083382.0
14239260587.0
14239268946.0
14239008504.0
14239267000.0
14233619804.0
14239008594.0
14233548468.0
14235477030.0
14239267035.0
14239290001.0
14239298121.0
14235429031.0
14237978735.0
14234068080.0
14233289049.0
14239281166.0
14232837225.0
14239292155.0
14232828806.0
14233288205.0
14232822515.0
14239262453.0
14236706587.0
14239260616.0
14235424136.0
14237123111.0
14235433250.0
14236700130.0
14239750850.0
14237880029.0
14239290558.0
14234270842.0
14239000359.0
14232834441.0
14233302728.0
14233986880.0
14232454129.0
14237262114.0
14233400120.0
14232468191.0
14235385661.0
14235438566.0
14234222890.0
14233498624.0
14233492700.0
14232834838.0
14234674292.0
14232823000.0
14233917008.0
14233988183.0
14234772823.0
14237196824.0
14232828617.0
14234778596.0
14232181392.0
14239433329.0
14237885000.0
14234777320.0
14233770005.0
14232824731.0
14236700132.0
14234779339.0
14234340800.0
14236700134.0
14234777075.0
14233842096.0
14235181818.0
14232828115.0
12762983470.0
12766699014.0
14239682239.0
14232465555.0
14232468473.0
14234800996.0
12766194800.0
12673885642.0
15704554968.0
18018806239.0
15708223151.0
12085231283.0
12675228046.0
15703238651.0
13858666849.0
13855703916.0
13854694316.0
18636673347.0
18162316511.0
18634398473.0
14078884994.0
12083597256.0
12083421624.0
14074268666.0
15058841957.0
12084682737.0
15099001350.0
14237439017.0
14237918776.0
14237730128.0
14234830967.0
14235880292.0
14232320025.0
14239269004.0
14232320200.0
14239288225.0
14234342137.0
14239291177.0
14233884830.0
14235435657.0
14238234845.0
14239265561.0
14236208001.0
14235438975.0
13362370283.0
17045983500.0
14239288871.0
14239284911.0
14234804369.0
14236760260.0
14232682060.0
14237949418.0
14234344228.0
14239288882.0
14235796537.0
14239291533.0
14232839455.0
14236204970.0
14239265006.0
14235430080.0
14232684544.0
14235422839.0
14235436118.0
14232822493.0
14232839434.0
14235433161.0
14239284469.0
14232826380.0
14235566285.0
14232824119.0
14232168329.0
14233289016.0
14235473755.0
18138204949.0
18643762196.0
17048882064.0
13363930044.0
17043458588.0
14234914382.0
12762745458.0
14233972472.0
14235566307.0
14239131100.0
14237534621.0
14237888767.0
14239681683.0
14234404595.0
14238179320.0
14236212277.0
14234409246.0
12764669008.0
14235647841.0
14237471321.0
19802368055.0
15403824928.0
18642141958.0
14237073025.0
14234342250.0
19182617345.0
16022761732.0
12084278085.0
12084390061.0
12084390059.0
14236108468.0
17065586500.0
19012446568.0
19015903517.0
19019300310.0
19019073576.0
19017534900.0
19013723877.0
19016496806.0
19013820126.0
19014666602.0
19014603985.0
19013857498.0
19015694029.0
19017794183.0
19014101099.0
19016340105.0
19014216989.0
19013829191.0
19017796805.0
19017296125.0
18669984737.0
19015098629.0
19012669971.0
19014105934.0
19013810014.0
19013800058.0
19013509825.0
19016240911.0
19013830158.0
19016571260.0
19013090900.0
19017296765.0
19014403690.0
19014101122.0
19013839747.0
19013590911.0
19013738448.0
19013820299.0
19013822530.0
19016857511.0
19013727050.0
19013729922.0
19013770323.0
19017799222.0
19014102429.0
19013821902.0
19014402697.0
19013821042.0
19013684004.0
19013851486.0
19013883825.0
19014883247.0
19015928157.0
19018374401.0
19018379632.0
19013841965.0
19012091257.0
19012131056.0
19013849997.0
19013821529.0
19012553850.0
19013847182.0
19018728473.0
19014640668.0
19017792003.0
19014218880.0
19018460339.0
19013002775.0
19016727966.0
19012446938.0
19013661134.0
19017485973.0
19013773564.0
19013289262.0
19013821315.0
19018016797.0
19013869779.0
19012574045.0
19014328255.0
19013719359.0
19012140020.0
19014516720.0
19014328200.0
19013733030.0
18008277455.0
19013860720.0
19014104655.0
19014403954.0
19016801998.0
19013210581.0
19017672630.0
19013870706.0
19012315996.0
19013007527.0
19017919169.0
19015171539.0
16158248066.0
16156577048.0
16158514846.0
16152655047.0
16155435831.0
16154204112.0
16153386464.0
16159914815.0
16153487569.0
16297021927.0
16158273651.0
16159915420.0
16154319950.0
16158243233.0
16154204398.0
16157451225.0
16158592023.0
16158515520.0
16292368795.0
16158227645.0
16155022661.0
16158247655.0
16153483260.0
16152009329.0
16158899901.0
16158260408.0
16152570601.0
16157298728.0
16158512702.0
16154319020.0
16152409382.0
16153808996.0
16156107728.0
16157546995.0
16157846818.0
19316248804.0
16154522552.0
16154528855.0
16153842451.0
16158540020.0
16292349100.0
16159929167.0
16153487353.0
16156018637.0
16154999210.0
16157129777.0
16154145095.0
16292103384.0
16158247210.0
16158223012.0
16153005858.0
16158241971.0
16152390982.0
16156126234.0
16152301699.0
16152184101.0
16158514400.0
16154019801.0
16152069898.0
16154312432.0
16158552202.0
16158518000.0
16156564242.0
16292161088.0
16154525585.0
16152523970.0
16156723969.0
16158227665.0
16158553200.0
16154425217.0
16158220411.0
18774625971.0
16158599326.0
16154312294.0
16152640770.0
16158914100.0
16158597212.0
16154521538.0
16159176470.0
16156435495.0
16158269949.0
16159897369.0
16156496889.0
19314197019.0
16152578677.0
16159459111.0
16156691925.0
16159539946.0
16158648008.0
16158472999.0
16158897887.0
16158255290.0
16152623797.0
16154428663.0
16153380029.0
16152648437.0
16158244900.0
16154200607.0
16158222512.0
16155892938.0
16152658660.0
16154929690.0
16157589559.0
16179810699.0
16154612000.0
16158601110.0
16154486468.0
16158069269.0
16158596163.0
16158506969.0
16158658920.0
16154130352.0
16157564267.0
16158650530.0
16158242811.0
16156123761.0
16158597305.0
16158067213.0
16158657220.0
16158551001.0
19012199334.0
16157126195.0
16158597292.0
16157956938.0
16158592112.0
16156124450.0
16155255739.0
16158249726.0
18652433489.0
16154310449.0
16155414728.0
16155432005.0
16152789672.0
16154427177.0
16152881789.0
16157582054.0
16152407871.0
16157092478.0
16152341590.0
16156002092.0
16157588620.0
16155838021.0
16294682616.0
16158591888.0
16158597334.0
16157129627.0
16158243606.0
16158659511.0
16155827129.0
14232454004.0
14234086928.0
14234295966.0
14232473149.0
14232451451.0
14232456191.0
14233909469.0
14232466721.0
14233924742.0
14233900791.0
14232451882.0
14233574551.0
14233901110.0
14233925337.0
14232478990.0
14234369803.0
14232455625.0
14233929870.0
14233909126.0
14232453967.0
14237650907.0
14232458961.0
14232390020.0
14234296703.0
14233434826.0
14234291435.0
14233901388.0
14232399994.0
14235304100.0
14232562277.0
14237652770.0
14233494700.0
14232472751.0
14232126562.0
14237238882.0
14232473847.0
14238305606.0
14237829021.0
14232242266.0
14233780546.0
14232457770.0
14234082080.0
14237238036.0
14236311168.0
14237262286.0
14232462691.0
14234582012.0
14232478200.0
14232472371.0
14238178229.0
14232882277.0
14232026256.0
14233545049.0
14233985008.0
14234081814.0
14234166517.0
14233921134.0
14235782100.0
12764470020.0
14232887011.0
14232884436.0
12763866631.0
14232450959.0
14233430052.0
14233921722.0
14233577852.0
14232393135.0
14232190193.0
14232463049.0
12766902728.0
14232464101.0
14232883222.0
14235782131.0
14232451746.0
14232242125.0
14233437738.0
14236692894.0
14232885500.0
14232304542.0
14232466611.0
18666505042.0
14232461833.0
14232462851.0
14232393536.0
14238631854.0
14232462206.0
14233789161.0
12766902240.0
14232300222.0
15408986665.0
12764522661.0
12763867901.0
14235783634.0
14232888839.0
12766908276.0
12763863691.0
13046485226.0
16092910246.0
14584468411.0
17043732707.0
19702418000.0
12766902397.0
14232072523.0
14232395900.0
14235798200.0
14232396430.0
14232889539.0
14232122290.0
14233985197.0
17865256883.0
14234081333.0
14232464290.0
14232242211.0
14233920600.0
16174365523.0
14233234367.0
18645828897.0
19892354214.0
19896814100.0
13139747921.0
13029980428.0
14238637189.0
14233985915.0
14232725436.0
14232726191.0
14237078478.0
14233571130.0
14232457303.0
14235788011.0
14232932166.0
14232440677.0
18776819036.0
14232451515.0
14234153050.0
14236230026.0
14232344451.0
14237225152.0
14232463998.0
14233985222.0
12763867311.0
12763866263.0
14237238011.0
14232242270.0
14233921100.0
19312638880.0
14233430010.0
18334185004.0
14235781726.0
14232464676.0
14232472700.0
14233929720.0
14237321173.0
14238302289.0
12142728320.0
13364485808.0
14232475329.0
19312638777.0
14233781800.0
12107326832.0
16022319223.0
14233435531.0
17207364287.0
14074451060.0
14232456660.0
14233438026.0
3225040063.0
15865660009.0
3155126438.0
3127371806.0
3335161652.0
10515130328.0
3340050014.0
14233601788.0
19012866963.0
19018531242.0
19018500009.0
19014434576.0
19014683940.0
16628517151.0
16628510100.0
19018531300.0
19017168146.0
19013167491.0
19013601621.0
19018610476.0
19018543811.0
19018614334.0
19018534929.0
19012218587.0
19018611761.0
19018540900.0
19018543660.0
19018531800.0
16625449261.0
19018817035.0
19014723859.0
19014850663.0
19018543600.0
19019300395.0
19016245121.0
19015608132.0
16628951980.0
19017563585.0
19016106494.0
19013163535.0
19012213265.0
19014404061.0
19013414435.0
19012140071.0
19018545337.0
3115127059.0
19018538841.0
19013163578.0
19012756263.0
19015608130.0
19013414643.0
19018530240.0
19017512744.0
19016464334.0
19019070295.0
19014105899.0
19018534711.0
19013417807.0
19012880831.0
19018014789.0
16628503078.0
19016102365.0
19018500507.0
19018082454.0
19016123790.0
19018535511.0
19017573615.0
16628952125.0
19014385327.0
19017557233.0
19013436415.0
16624603842.0
19014137190.0
16628938785.0
16628386872.0
16622741619.0
19013626800.0
17314434339.0
19013043048.0
16622524461.0
16012095398.0
16622524533.0
13034222300.0
13144168155.0
12086146203.0
19016972444.0
19018545100.0
19017552699.0
19018600000.0
19017540324.0
19017566011.0
3315455828.0
19017370331.0
19017535700.0
19013733000.0
19017790479.0
16628387777.0
19018540204.0
19014660122.0
19012217377.0
19016103097.0
16628909545.0
16622983239.0
19013086339.0
18889063370.0
19017542240.0
16629325150.0
19015206416.0
19013732735.0
19018548536.0
19018836710.0
19016237135.0
19018276050.0
19018646199.0
19014906827.0
19016072163.0
19018534440.0
15082954300.0
18646555082.0
19013630639.0
16627823808.0
16625340011.0
16622523211.0
19017656544.0
19017548381.0
19015016870.0
16626334182.0
16627018420.0
14237901651.0
14234731555.0
14237907447.0
14237907072.0
14234723396.0
14234721818.0
14232440688.0
14232449068.0
14234793783.0
14232448350.0
14234643558.0
14233227779.0
14237234256.0
15054847038.0
14234714952.0
14232254022.0
14234793365.0
14233391976.0
14234648812.0
14234722085.0
14234768898.0
14234726900.0
14234796709.0
14234785049.0
14234723095.0
14234799043.0
14234721033.0
14234782964.0
14234066750.0
14232181622.0
14237907805.0
14234792742.0
14235952265.0
14234728206.0
14237098643.0
14232204307.0
14237900510.0
14234797958.0
14232840564.0
14234794242.0
14237900421.0
14236144843.0
14237905006.0
14237905988.0
14234762279.0
14235849302.0
14234731981.0
14237809171.0
17062183087.0
14234797315.0
14234782737.0
14234794770.0
18005171777.0
14237900581.0
14234728918.0
17064064134.0
14233808095.0
14234797314.0
17062290955.0
14234729881.0
14237098564.0
14234763525.0
14232253200.0
14234768151.0
14234762667.0
14234727122.0
14237905542.0
14234799128.0
14234764477.0
14237903700.0
14237907900.0
14233031333.0
14237900230.0
14234729899.0
14233750555.0
14236930505.0
14234739455.0
14234534836.0
14233391138.0
14233395755.0
14234765823.0
16154597115.0
16155017777.0
16159841017.0
16152208411.0
16152130138.0
16154625126.0
16153337414.0
16155949871.0
16159301390.0
16158369639.0
16155931654.0
16159844049.0
16156253936.0
16155856224.0
16156095971.0
16153556598.0
16159840057.0
18004904901.0
18006886359.0
16156419595.0
16159025816.0
16156496896.0
16157937571.0
16159480662.0
16297294001.0
16153057884.0
16152200971.0
12057186356.0
16152130098.0
16152206114.0
16157203834.0
16154407287.0
16158212204.0
16154241115.0
19319223180.0
16152008190.0
16157721294.0
16152671290.0
16152573233.0
16155078721.0
12017805298.0
16158213869.0
16158923355.0
18882581047.0
16154989034.0
16154969742.0
16152806605.0
16153614744.0
16155004149.0
16154266467.0
16153558889.0
16154594457.0
16157192739.0
16159751719.0
16154929536.0
16154599064.0
16156490686.0
16159301378.0
16153661975.0
16153551875.0
16157514141.0
16157935600.0
16159840482.0
16153556898.0
16159956260.0
16159538299.0
16152670590.0
16156253067.0
16152200333.0
16155022444.0
16158955224.0
16154996859.0
16157939856.0
16157937755.0
16153666664.0
16157935760.0
16157937600.0
16154590225.0
16159253415.0
16157531587.0
16292765088.0
16155829525.0
16153550007.0
16157150840.0
16157588473.0
16156416655.0
16156412200.0
16156531766.0
16155668917.0
16157762121.0
16156416731.0
16157939890.0
16159530022.0
16154237620.0
16152670318.0
16154599200.0
16153551339.0
16152230193.0
16158018004.0
16158901519.0
16154308882.0
16152206055.0
19012492345.0
19016479498.0
19016953009.0
19015291107.0
19013635419.0
19013798379.0
19013233055.0
19016833158.0
19013659505.0
19016839420.0
19019070613.0
19013685505.0
19017536325.0
19013626364.0
19014961963.0
19013771007.0
19013009394.0
19013723716.0
19016144758.0
19012140003.0
19012629165.0
3156721971.0
3055629121.0
19014339711.0
19013628863.0
16628928903.0
16628909076.0
19015904095.0
13107228450.0
19016757200.0
19017941117.0
19012709431.0
19016662738.0
19012076940.0
16629323955.0
19015714515.0
16628930246.0
19012960583.0
19013148644.0
16628041112.0
19015854398.0
16626380976.0
19013680996.0
19017741870.0
19016304664.0
19017578485.0
19012091318.0
19017584040.0
19017569522.0
19016123054.0
19017535061.0
19018837358.0
19017517300.0
19014985337.0
19017435007.0
19018815960.0
19017571009.0
19017578000.0
19013056042.0
19012138240.0
19017524955.0
19015679898.0
19012903147.0
19017579992.0
16153317669.0
16153315046.0
16157032793.0
16158328851.0
16154458070.0
16153155680.0
16157127099.0
16159377977.0
16154615091.0
16155761694.0
16154006672.0
16292959578.0
16155578157.0
16155785451.0
16152100161.0
16153053316.0
16155621326.0
16153715371.0
16159866000.0
18888380832.0
16152837089.0
16153733800.0
16153331942.0
16292534108.0
16156615512.0
16159420209.0
16155389082.0
18555748043.0
16158337650.0
16152617337.0
16157163587.0
18007705582.0
16153336000.0
16152366206.0
16294016531.0
16152660333.0
16155676633.0
16159337307.0
16153776102.0
16154728371.0
16154963900.0
16155780969.0
16292764930.0
16156692905.0
16156460031.0
16154573529.0
19313810086.0
19315058052.0
19315482015.0
19313985164.0
19313815100.0
19312236328.0
19319826077.0
16159560144.0
19313886822.0
19314461862.0
19317010197.0
19313983350.0
19314210318.0
19313880355.0
19317043291.0
19313819073.0
19318408914.0
19313981144.0
19313813693.0
19313793515.0
19316378566.0
16156565500.0
19313592150.0
19315480109.0
19315058383.0
19315481373.0
19313889900.0
19313882463.0
19313506240.0
18442998123.0
19314655441.0
19314909700.0
19313818686.0
19313883006.0
19313882023.0
19315488313.0
19313881910.0
19319819301.0
19313888954.0
19315481364.0
19319222046.0
19313885539.0
19315609154.0
16159797769.0
19316742017.0
19313887515.0
19313295499.0
19318405724.0
19313814915.0
19313983005.0
19313814140.0
19313885843.0
19314902215.0
19313980990.0
19313880714.0
19314909179.0
19312233000.0
19313885146.0
19313815466.0
19313881217.0
19319826222.0
16156142220.0
19313881272.0
19312234528.0
18007568003.0
19313811235.0
19315488818.0
16159467541.0
19313814908.0
19315765031.0
16152415001.0
19315484167.0
19313985546.0
19313883362.0
19314860444.0
19319828910.0
16158810590.0
17063360075.0
+19315482154
+19316985733
+19313815522
+19319642388
+19313595908
+19312447557
+19313888295
+19313815089
+19315058474
+19315482555
+19313885155
+19313881557
+19313887642
+19313812795
+19316705949
+19312798293
+16156320466
+19316703825
+19313884060
+19313812303
+12679746599
+19314222036
+19314863557
+19316830202
+19313647505
+19315979908
+19319822322
+19317292808
+19313816892
+16362726565
+16363974075
+17196323472
+19315977921
+16157249774
+19313882463
+19313814644
+19314222144
+19313645602
+19315480109
+19314383377
+19316267588
+19316742111
+19316263524
+12626943332
+17635519800
+16153394910
+16153267845
+13203651605
+18705815004
+13076823038
+18286871319
+12546889435
+18632860998
+15038738473
+19313801234
+15629778550
+12603574187
+19316378700
+19313594301
+16155621363
+16152125075
+16157310099
+16157313020
+16157319456
+16154543965
+16292767449
+16292796910
+16152309150
+16154786263
+16156754362
+16155758295
+16154617809
+16154525850
+16157618690
+16292475176
+16154528834
+16292562243
+16292630270
+16154513583
+16154525267
+16156046669
+16159898067
+16154523037
+16154612002
+16154528452
+16153337770
+16159160011
+16152068775
+16154525950
+16154527974
+16156740049
+16155022323
+16159899045
+16154529723
+16154420542
+18664491577
+16152309000
+16292767245
+16154524925
+16152309896
+16154423090
+16154007962
+16159341900
+16154522200
+16154510730
03255266950
+14108709099
+17813407200
+14796468051
+14794311189
+12197620405
+13029956179
+14795462893
+15055073006
+16158517201
+16156008897
+16159973953
+16155603570
+16157085769
+16154529309
+16155880069
+16155274242
+16152993043
+18772062748
+16155470901
+16154618157
+16153259666
+16154511026
+16152946215
+16152308700
+16153591553
+16152400908
+16155330748
+16153259390
+16156431243
+12705989521
+16157724280
+16154430057
+17188424311
+13032870126
+15095910835
+15094100584
+16159654170
+16157455030
+16157030102
+16153808996
+16159796494
+16154312900
+14239683144
+12764660777
+14239684242
+12764698349
+14237974464
+12762856062
+14235737646
+14235731436
+12766694602
+12766698018
+14239672600
+12766963072
+18773745022
+12766691140
+12764667390
+14237640981
+12762130623
+14239683458
+14239890000
+12766695238
+14239682105
+14237811018
+14233900685
+12766692122
+12762852012
+14236892733
+12767913000
+14239689241
+12765914505
+12766697773
+14232171066
+14237644650
+14237427659
+14236522233
+12765910243
+14236526200
+14237976630
+12766698196
+12764668988
+12764940105
+14237644932
+12766692606
+12765913880
+14237938354
+12766459004
+12766442829
+14235731205
+14239896700
+14238059690
+12766440367
+14232509051
+14236654753
+14234848346
+12766449653
+12769443281
+12762543349
+12766231611
+14237643651
+12766697747
+14238785441