17138690581.0
17137666328.0
18327863901.0
18325826889.0
12816231517.0
17136655678.0
17137220060.0
18325411761.0
17132822875.0
18322253088.0
17135235397.0
18329402773.0
17137142241.0
17132894550.0
18329789200.0
18328858880.0
17133600123.0
13466461500.0
18326530616.0
17139212738.0
17132341570.0
12819163588.0
13463727207.0
12819168262.0
17137895625.0
18329786879.0
17136801210.0
13462779174.0
15123097930.0
13466160768.0
13464234475.0
15126451462.0
18322204722.0
18329929957.0
17136233637.0
13468570650.0
12819164746.0
17136599953.0
18329834169.0
13464340074.0
12252401618.0
13466394598.0
12815725566.0
13035320602.0
12817776030.0
18324945992.0
18327308066.0
17136883887.0
17136435767.0
17139555554.0
17132316112.0
18328379008.0
17135740114.0
17136665625.0
13462372700.0
18329797899.0
17136491108.0
17139267466.0
17138029725.0
17137032987.0
17134683750.0
17139859065.0
17133966547.0
18326207092.0
17138697326.0
18324434794.0
17136803028.0
18326328381.0
18324893091.0
13462912069.0
17138925625.0
13465676363.0
12813695675.0
12146158617.0
18329385789.0
12818019321.0
17134540727.0
13463712688.0
19794228362.0
12815498782.0
13463757369.0
17134650123.0
18324781754.0
12813469453.0
17132314768.0
12816168236.0
18328389284.0
12815597281.0
17134890000.0
18328803956.0
18324508444.0
12812416840.0
17134877604.0
17138613551.0
18324781149.0
13464392480.0
17137477717.0
18329911119.0
17135232886.0
17135294743.0
17139239458.0
17135727666.0
17138623314.0
13465959441.0
17138802440.0
17133492886.0
12813015392.0
17138507184.0
18328570230.0
12814072677.0
12812294564.0
18328968271.0
12814009043.0
12819995566.0
17136995625.0
17137144446.0
18326554789.0
18329801550.0
18326901640.0
12819384134.0
12815073219.0
12817609972.0
12818298209.0
12814071823.0
17137807026.0
12818274164.0
13467778777.0
12818004856.0
17134602555.0
13462911967.0
18325981144.0
12817162764.0
18329666060.0
12814464403.0
12812058185.0
13467703558.0
18326610145.0
17133827536.0
18324108748.0
13462150701.0
18322335594.0
12813011906.0
13468901187.0
18322793016.0
12812473071.0
13464457253.0
13464016743.0
18323249977.0
12819426733.0
18328828218.0
17137759559.0
17134650055.0
17138809502.0
12819744965.0
13235894236.0
17138648444.0
17136979909.0
17136734999.0
17135455100.0
12816569520.0
12812095643.0
17134017541.0
18324544782.0
13469337728.0
12817411715.0
12817049779.0
17134897439.0
18328763728.0
3065252700.0
18329926100.0
18326033761.0
17138626618.0
17134898962.0
17136946658.0
18326886389.0
12818171982.0
17136787444.0
17132934391.0
17135816480.0
17138698207.0
12818881895.0
13467892225.0
12814060155.0
17136864936.0
13865907964.0
18325530526.0
12816548387.0
18324988929.0
18327072113.0
17136286876.0
17136686027.0
17136415691.0
12817834446.0
17139798816.0
18329808733.0
17136650500.0
18326806961.0
17139265432.0
17136231731.0
13464392257.0
17132270294.0
17135292200.0
17135266364.0
17138638244.0
18324092535.0
12817128063.0
17135222277.0
18322484281.0
17133060963.0
18325831013.0
17138613181.0
12818583578.0
12817068415.0
17133096638.0
17137145991.0
17135269454.0
17134771815.0
18326624189.0
18324296581.0
13465719038.0
18329163840.0
17137795397.0
17136990965.0
17136998015.0
13464448837.0
17136923776.0
13464395441.0
12815437370.0
17139994894.0
17136942337.0
12816895677.0
17135231399.0
18663264227.0
17133937802.0
17138645100.0
17134261047.0
17135261090.0
17135201212.0
13465041556.0
13468671903.0
17138647820.0
17136921828.0
17133478180.0
13463955233.0
17133311042.0
17136917925.0
17138029145.0
17135268787.0
17135228482.0
17138641872.0
17134260848.0
17133310376.0
17136728985.0
17132841260.0
17136760565.0
17132278541.0
18327404940.0
12816313694.0
17138447111.0
17135201937.0
17135211909.0
17136700235.0
17133690800.0
17133776336.0
13463398390.0
17139448117.0
17134542203.0
18322790573.0
18329312242.0
12819741938.0
17139470237.0
17137229800.0
12814076513.0
18779092999.0
18328505261.0
13467073690.0
17136623950.0
12815281703.0
18323531414.0
12812419320.0
17137894200.0
12145566714.0
12148215397.0
12142257722.0
12148666350.0
14699232119.0
19724795005.0
19724981021.0
19727468556.0
12147641067.0
12143078499.0
12148426990.0
12149722843.0
12149786649.0
12144804668.0
12143653039.0
14697500855.0
12146859820.0
12149379963.0
14697154912.0
14699083211.0
12144286235.0
12149426658.0
14698095886.0
14698095851.0
14699033062.0
19726263566.0
12143244747.0
18883677159.0
14698095871.0
12148844886.0
12142252015.0
12149185508.0
12146754472.0
12148823160.0
19724400181.0
19722993739.0
14694586334.0
12146549939.0
14699040278.0
12142561284.0
12146916161.0
12149831804.0
12143630400.0
12147858032.0
18177602420.0
14697541604.0
12146508865.0
18175068647.0
12142389539.0
14694586333.0
14697288098.0
19723527575.0
19723629249.0
12144417940.0
19738213346.0
12144844531.0
12145465680.0
16827172064.0
14693064328.0
19723012292.0
14697988942.0
14696543966.0
19734255830.0
14692088613.0
12146009161.0
12143906242.0
19729629955.0
14695806852.0
19726904431.0
19725260299.0
19726354639.0
19725894919.0
14699495433.0
14699312205.0
16822044570.0
14698047159.0
19727379696.0
14698641924.0
14693785820.0
14698208669.0
14697725662.0
14695771775.0
19728853985.0
12146170235.0
19726274912.0
14693005386.0
12147404874.0
18179525256.0
19728601671.0
19723415440.0
19728086946.0
12144341123.0
14697463415.0
19724981044.0
14698283914.0
14694143159.0
14692726444.0
14696533063.0
19722847522.0
19729002449.0
14692288197.0
14698716281.0
14698149111.0
12147630722.0
12145358001.0
14695994566.0
12148888755.0
14693005525.0
12145306918.0
19725966017.0
19726656884.0
14693788706.0
14699495729.0
14697463412.0
19729629697.0
14699969900.0
18174815345.0
14692145875.0
19725799770.0
12144998800.0
16822664347.0
16823002286.0
19726605625.0
14698717006.0
14697275192.0
12148457675.0
14699032562.0
14693824404.0
19726658704.0
14698674776.0
19729927671.0
18668189978.0
18332885397.0
18776322407.0
19726453591.0
14697174275.0
15122906336.0
12143281900.0
12147505927.0
14694365049.0
12142818347.0
14699772224.0
14699772687.0
14699772186.0
14699772890.0
14699772378.0
14699772308.0
12148215680.0
14699772757.0
12145999424.0
12146349900.0
19727635460.0
14699772320.0
12149464100.0
19728656985.0
12146384640.0
12149743327.0
14692062858.0
12147749407.0
19726985899.0
19723798703.0
14699494979.0
12142532991.0
12147474875.0
12145097804.0
12143805076.0
14694273476.0
12146147250.0
14692131599.0
12142428042.0
12148262754.0
12146313160.0
12146215481.0
12147176194.0
14693051397.0
12146178897.0
12149720648.0
12142072619.0
12148271977.0
12143310160.0
12147740574.0
12149150453.0
19729610702.0
12148842307.0
18177527905.0
18007371776.0
12146318600.0
14692121925.0
19723017619.0
12149312626.0
18008303630.0
12147759308.0
14696899988.0
12145655550.0
18554927565.0
12143820036.0
12149915692.0
13463532018.0
14692902809.0
19726856241.0
12147224436.0
19728139474.0
19452643502.0
12143013849.0
19727216502.0
14692071826.0
12149433229.0
12148242222.0
12149375067.0
12142424802.0
12142672500.0
12147477916.0
12149410023.0
12143210705.0
14696704245.0
14693539236.0
12147974292.0
12148278994.0
18173819608.0
12146308360.0
12149073727.0
19722933553.0
12146091992.0
12148643552.0
19724262396.0
14692439256.0
18555578825.0
14695223337.0
12148768148.0
14698561848.0
19737919548.0
19728369675.0
18889703830.0
14692101096.0
14697391901.0
14695157758.0
19738603420.0
14699604930.0
14697357556.0
12142025700.0
19724218809.0
18173831387.0
19724000968.0
14694677233.0
14694365122.0
19727341031.0
14699772101.0
12143431971.0
12147807929.0
14699772287.0
12143633554.0
12148410556.0
12143659840.0
19724310944.0
12148311959.0
12143532000.0
12147398220.0
19727635528.0
12146384541.0
12143631554.0
12149794512.0
14699772300.0
12143528100.0
14695857718.0
14696947610.0
12142590021.0
12148312509.0
14695086307.0
19728212321.0
14699565966.0
19727093063.0
12149429947.0
12143410411.0
18665735753.0
19726850968.0
12143914137.0
14694187876.0
19722756349.0
14695876885.0
14698597444.0
16824146119.0
18177014475.0
18173832100.0
18175818992.0
18176803520.0
18177794758.0
19729000300.0
12149986588.0
14699772395.0
14698704204.0
14699529189.0
14699772700.0
19728464794.0
14692478565.0
19723576862.0
14697599998.0
16823937010.0
12146131012.0
12149056135.0
12145150534.0
12149029996.0
19728711942.0
14698959900.0
14694051511.0
12143632025.0
14694495248.0
19727077581.0
12146965836.0
12146313731.0
17737961200.0
12143539618.0
12147580215.0
19728464818.0
19727941024.0
12142571406.0
19724395936.0
12143312400.0
12148380388.0
14697276647.0
19727251217.0
12143398408.0
14697832574.0
14694561136.0
12149658700.0
14692420326.0
12147748405.0
18174691090.0
12142380205.0
18005276790.0
12146388586.0
12143903901.0
12146721760.0
12143725555.0
12143778410.0
14694301103.0
12144219193.0
12144666540.0
12149287427.0
12143307249.0
18167934722.0
12146885534.0
12143396011.0
14698638587.0
15614246659.0
14693418777.0
12143742720.0
12143304338.0
12145653628.0
18008663336.0
12148232753.0
12143308111.0
12149463437.0
12143715363.0
12149464944.0
19452358784.0
12143334253.0
12143723881.0
12143752565.0
12149445524.0
12149430098.0
12143331437.0
14698770405.0
18447131898.0
12103007056.0
12104343711.0
12102908184.0
12107624563.0
12109171123.0
12109429219.0
12104465832.0
12107326273.0
12107918838.0
12109311675.0
12104297115.0
13035658490.0
12102455504.0
12105319600.0
12105949214.0
12104800000.0
12102264951.0
12108295397.0
17262423678.0
12109234381.0
12109727086.0
12103419595.0
12103483677.0
12103444523.0
12105565085.0
19085207357.0
12102163000.0
18303269105.0
19085202139.0
12106193986.0
12105906033.0
19088665718.0
12108994628.0
12105980003.0
12105516050.0
12102727070.0
12104945500.0
12105200630.0
15128621768.0
12109321199.0
12105578609.0
12107325121.0
12104941428.0
12103401054.0
12106474734.0
12109958879.0
12104316463.0
12104047761.0
12109675397.0
12108002678.0
18304102917.0
12102512650.0
12107506530.0
12108963653.0
12104465079.0
12106592582.0
12108764327.0
12109973009.0
12106303993.0
18303131590.0
18442666809.0
12107606411.0
12106017925.0
12104450455.0
17262198704.0
12105969277.0
12109991945.0
12107255067.0
12108625397.0
12108993995.0
18302557426.0
18302827874.0
12105603341.0
12105899841.0
12105037924.0
12106502192.0
12105707301.0
12102221373.0
12104753639.0
12107318510.0
12106222613.0
12104601147.0
12109342153.0
12102934222.0
12104642406.0
12108522859.0
12102310946.0
12102234263.0
12109233600.0
18303088536.0
18303087235.0
12109392881.0
12106680610.0
12106818891.0
12105335468.0
12107996639.0
12105603362.0
12105161846.0
18303186993.0
19153045949.0
12108285558.0
17262488276.0
12108240642.0
12107634064.0
12102480003.0
12105594211.0
12107631955.0
12106102417.0
12109679994.0
12103141955.0
12102266863.0
12107711109.0
12104204471.0
12107643929.0
12107342050.0
12105331231.0
12104601176.0
12103330161.0
12109746020.0
12102267812.0
12108249677.0
12102727190.0
12105990800.0
12109439927.0
12104946449.0
12109985912.0
12103080103.0
12103710377.0
12109922260.0
19088679369.0
19087438241.0
12109344731.0
12109292495.0
12103841573.0
12103424448.0
12106289627.0
12103413447.0
12102655682.0
12105601846.0
12109301717.0
12106289738.0
12108264431.0
12107335961.0
12104181397.0
12106749723.0
12107963844.0
12103411171.0
12103444090.0
12108647977.0
12103402772.0
12102570366.0
12103428728.0
12103400124.0
17262685866.0
12103010032.0
12109401544.0
12102222300.0
12104177039.0
12103422453.0
12107352030.0
12103444294.0
12109715905.0
12103994366.0
12104675478.0
12106571180.0
12105414401.0
12104370053.0
12104417732.0
12107173293.0
12109039026.0
12105994427.0
12103990441.0
12102093510.0
12107333583.0
12108487300.0
12106455888.0
18304607409.0
12109729296.0
12109858561.0
12107096580.0
12109427150.0
12105709931.0
18303085355.0
12109222183.0
12103336400.0
12102222521.0
12109221178.0
12109995547.0
12105181063.0
12109219700.0
12109288000.0
12105278550.0
12103591318.0
12103343150.0
12102233101.0
12109219000.0
12109201329.0
12109211778.0
12102280700.0
12103371946.0
12103332884.0
17262022510.0
12109246856.0
12109247508.0
17262023941.0
12105349119.0
17262082535.0
12103374502.0
12109212208.0
12103597000.0
12102262664.0
12109274792.0
12108103199.0
12109242780.0
12104360741.0
12104354787.0
12102538500.0
12106643540.0
18305154758.0
12108647737.0
12109223333.0
12104518525.0
12102368494.0
18306295397.0
12103412774.0
12108289669.0
12107339191.0
12104693732.0
12102777587.0
12106487194.0
12104653717.0
12106752268.0
12108150090.0
12106470103.0
12107746074.0
12109204690.0
12103054077.0
12106886500.0
12104368150.0
12109527914.0
12106739900.0
12102675490.0
12109003404.0
12103992844.0
15122518884.0
12106825217.0
12102653529.0
12105217770.0
12106816601.0
12102392905.0
12107371255.0
12107370031.0
12102453195.0
12104353295.0
12108763280.0
12104381931.0
12105212988.0
12104332394.0
12105360576.0
12107354302.0
12107373556.0
12104360863.0
12109510994.0
18305422271.0
12109018672.0
18002758777.0
12109034377.0
12108173664.0
12106748302.0
12102377517.0
12106907555.0
12103340205.0
12107645053.0
12103842491.0
12107069195.0
12104651108.0
12108851122.0
12108580331.0
12108721497.0
12107180066.0
12105310322.0
12103990737.0
12105332323.0
18304452305.0
12108638044.0
3423845693.0
3219593065.0
3325250599.0
12105298724.0
12108286011.0
12105451431.0
12109609810.0
12106561379.0
12109514133.0
12104651804.0
12108951303.0
12106672365.0
12103425420.0
15052211222.0
17202956182.0
12105011162.0
12109279886.0
12103338304.0
12106481090.0
12109663657.0
12104955758.0
12109797990.0
12109512808.0
12106470055.0
12103010066.0
15126590774.0
15129613003.0
15124471061.0
15122070809.0
15124471883.0
15125491060.0
15128127656.0
15127770021.0
15128127324.0
15125598573.0
15125808724.0
15128361011.0
15126866930.0
15126614184.0
15127689924.0
15128171106.0
15128664679.0
15128935811.0
15128768693.0
15128830544.0
15128832741.0
15127102817.0
15128818420.0
17375207088.0
15124002994.0
17376102213.0
15126437268.0
15129794040.0
15127902424.0
15127034110.0
15128469526.0
15126939811.0
15124890996.0
15128923035.0
15128556120.0
17034209469.0
15123235135.0
15126432407.0
15122901010.0
18449695625.0
15123275002.0
15122505397.0
15129816993.0
14798792847.0
15125012028.0
15127467561.0
15124549547.0
15129330300.0
15129234373.0
17372997426.0
13213390276.0
15127979124.0
18008089333.0
19086393399.0
15128127849.0
15126617626.0
15124000004.0
17377045517.0
19088448638.0
15129029212.0
15124817171.0
15128253936.0
15123991337.0
15122881000.0
15126308343.0
15124233666.0
15127227995.0
15129152617.0
15123355397.0
15122931946.0
15129940741.0
15129545025.0
15122704348.0
15129239833.0
15123874512.0
17372221715.0
15123990259.0
17373452867.0
15128972872.0
15128080539.0
15122126736.0
15128596572.0
12545564157.0
15122149914.0
15122981606.0
12546556652.0
15126755396.0
15127689998.0
3365887590.0
15129957825.0
15125681594.0
15129037445.0
15127744347.0
15125724868.0
15122921444.0
15128145625.0
15123222047.0
15122409985.0
15125379351.0
17372420151.0
15125234976.0
15125918259.0
15125988928.0
15128429972.0
17372283846.0
15128427755.0
15125373755.0
15123381001.0
15122581803.0
15123758985.0
15128664130.0
15122557530.0
15129910002.0
15129205641.0
15128773366.0
15123350190.0
17372656229.0
17377875863.0
15122212003.0
19049776669.0
15129551300.0
15128080845.0
15123944627.0
15124746679.0
15129544117.0
15128174283.0
15124726273.0
15129458877.0
15124528839.0
15123586707.0
18334073534.0
17379100800.0
15123396601.0
15124592244.0
15128377707.0
15129280109.0
15127655349.0
15124027277.0
15128738680.0
15123998495.0
15125377956.0
15129021763.0
15124621444.0
15127293396.0
15129614171.0
15125297391.0
15124684002.0
15126075377.0
15124563443.0
15128779353.0
15124474905.0
15126370315.0
15125662745.0
17372342253.0
15128032914.0
17202974414.0
15128003030.0
15128927550.0
15124507199.0
15125713758.0
15122225182.0
15124523373.0
15122207705.0
15129826518.0
15129565417.0
15125809288.0
19497967117.0
15128293399.0
15122014272.0
15124721644.0
15124209359.0
18177014640.0
18177082232.0
16824782217.0
18175350289.0
18175143302.0
18174776662.0
18178574632.0
18179238591.0
18178291695.0
18177322175.0
12145302776.0
16822676603.0
16823014539.0
16822742848.0
16822470515.0
16827889839.0
18172413472.0
18177014485.0
18176630642.0
18173772288.0
16822746919.0
18175035354.0
16826889539.0
18174096410.0
16829002882.0
16823040534.0
18177309325.0
18175851391.0
12149380368.0
18175009995.0
18172375355.0
18177309084.0
18176622033.0
18173504378.0
18177379220.0
18172621417.0
18174963212.0
16822531593.0
18177476982.0
16823441957.0
16822673005.0
12149494496.0
16822433815.0
18177014450.0
16822044688.0
14694364973.0
16823562525.0
16822012992.0
16822001178.0
16826280452.0
16826156610.0
16824218639.0
16825594377.0
18175969938.0
16825567235.0
18179347245.0
18177847908.0
16822538843.0
18177447636.0
18174287141.0
18175338289.0
18173186129.0
16823106309.0
18178732898.0
18173187662.0
18175874169.0
12143076504.0
18176324369.0
18172821887.0
18175029410.0
19457581520.0
18179935725.0
18174663387.0
16829002502.0
18179935232.0
16822432167.0
18178212907.0
18177768006.0
18178810965.0
18179171387.0
18173823761.0
18172581360.0
13863313314.0
18177689196.0
19452922339.0
16822242377.0
18178316451.0
18175358241.0
18179451535.0
18176263089.0
18179268443.0
18177696677.0
18178599651.0
18178774357.0
18175929756.0
16822680307.0
18177197714.0
18176908736.0
18176377504.0
18175959900.0
18173362600.0
18179841062.0
18178386882.0
18173361616.0
18177257669.0
18177313223.0
18177829903.0
18173321002.0
18177327156.0
16822505409.0
18178402450.0
18173361224.0
18172034984.0
12147645669.0
19726197222.0
16618995549.0
18173838182.0
19453422339.0
18178036849.0
14692071897.0
16822826815.0
18175344236.0
14695497348.0
18174028528.0
18172328100.0
18176318018.0
18172678022.0
14698208765.0
19404655158.0
18179462126.0
19737551847.0
12142254609.0
18176868525.0
18175808541.0
18175011323.0
18174288658.0
14697028663.0
18176564471.0
16822531262.0
18176961986.0
18172321416.0
18178492322.0
18322137303.0
18176560048.0
16822384950.0
14697444563.0
14698403990.0
18173489770.0
18178340040.0
18176708140.0
18176685614.0
18178463667.0
18175465640.0
16822143336.0
18172227717.0
18178347473.0
18175037474.0
18177314969.0
16822359593.0
16822354619.0
18173020290.0
18177404900.0
18173021400.0
18176259730.0
16822147417.0
18176268986.0
18172814076.0
16826470502.0
18178316555.0
16822003513.0
14693798830.0
18178347494.0
16822578680.0
18176256441.0
18179693707.0
18177697528.0
18176247359.0
16822071430.0
18172322411.0
18175696238.0
18177592047.0
18177540116.0
16822040070.0
16822209150.0
18172695512.0
16824318055.0
18178097416.0
16822273515.0
19728451555.0
18884332350.0
18172930343.0
18172079363.0
18175023336.0
18173618847.0
18177172449.0
18175345944.0
18179275041.0
18174152725.0
18177829912.0
18177178210.0
18665350014.0
18173058473.0
18172004212.0
16827039622.0
18174231727.0
18173705100.0
18175223225.0
14699823582.0
13143692380.0
14693062590.0
16822161005.0
12037105251.0
17147101771.0
16023449599.0
18175405533.0
14805762254.0
17064736245.0
16192344829.0
18173677115.0
19452922415.0
16823167544.0
18178188385.0
18179003354.0
18179238601.0
16822357219.0
18178062000.0
18175023208.0
18174151953.0
18177324888.0
18177359065.0
18175356565.0
18173864040.0
18173389538.0
18179261789.0
16822853939.0
16822300371.0
17739307678.0
18173672464.0
18177859889.0
14698394297.0
18177329595.0
18172444100.0
18177383191.0
18172630572.0
16823503600.0
12145977578.0
18175023234.0
18173771925.0
18174151784.0
18179241333.0
18172444220.0
16823058304.0
18178214780.0
18177329539.0
18172381770.0
18172447911.0
18176263320.0
18179239023.0
18172468780.0
18175606000.0
16822996114.0
18177215457.0
18175338363.0
14694107878.0
18552954003.0
16822440171.0
16823348762.0
16823079637.0
18173693321.0
18174787201.0
18177274561.0
18173701892.0
16822743772.0
14696704722.0
14694313834.0
16823167543.0
18179015397.0
14022348788.0
18175028203.0
18178826330.0
18174498491.0
18172440938.0
14055431671.0
18177698152.0
18176899292.0
19158333333.0
19155444433.0
19155667101.0
19157716590.0
19158500977.0
526566269046.0
19152224178.0
19157716911.0
526563083152.0
526567992246.0
526566161432.0
19158503287.0
526563133813.0
526561759302.0
526566123276.0
19152702276.0
526563263556.0
526561219738.0
526568571125.0
526561801215.0
526563828633.0
526565669479.0
526563001000.0
526561811361.0
12034906206.0
526562705710.0
526567973065.0
526563122369.0
19155853124.0
526565853356.0
526562725405.0
526562510858.0
19154722624.0
19153454716.0
19158213212.0
19152589089.0
526564108524.0
19158675770.0
526561757959.0
526562413779.0
19153081915.0
19155910996.0
19158810744.0
19155024790.0
526565544663.0
19157400846.0
19155335555.0
19155421609.0
19154448421.0
19155668845.0
19157908428.0
19152973094.0
19152472085.0
19152620428.0
19158878351.0
19155330912.0
19155330984.0
19157775666.0
19158731978.0
19157795544.0
19157726581.0
19153582787.0
526566545291.0
19155844924.0
19155620443.0
19155850278.0
19157606656.0
526561105710.0
19152132417.0
19157784746.0
526566188327.0
19157792272.0
19153087344.0
19152454292.0
19152402567.0
526566264018.0
19152553671.0
19153510440.0
19153083327.0
526566132711.0
19156132016.0
19158457946.0
19155462375.0
19155440800.0
19155950660.0
19155335625.0
526563881586.0
15759977559.0
19152579911.0
19152700733.0
19154223085.0
526564192971.0
526561703268.0
19152496899.0
526566870720.0
526567090735.0
526562051223.0
19152092287.0
19152552731.0
526563327575.0
19157659607.0
526561997153.0
19152695731.0
19153034549.0
19154659795.0
19153170663.0
526567435824.0
15752832611.0
16193666500.0
19152343036.0
19155852319.0
19153280700.0
19155668605.0
19158813096.0
19155998741.0
19157315625.0
19152654467.0
19152241922.0
14807799144.0
14808769766.0
14804187560.0
16239779983.0
18066461495.0
14807957952.0
14808573431.0
14809995053.0
15058922330.0
16614263325.0
15052425397.0
14808743303.0
18063535397.0
16232821352.0
14159155650.0
15206452800.0
13234725625.0
18022250502.0
18063553008.0
14042563780.0
18052410777.0
17194709490.0
12066596115.0
13038950092.0
17867778214.0
14807399939.0
12088400111.0
12127443915.0
18652969695.0
16029310736.0
13526585151.0
19178199171.0
14806668828.0
19403875736.0
19714045928.0
14164775533.0
17029181086.0
15052074281.0
17028508587.0
18065498501.0
19152295520.0
15205238937.0
15205237130.0
15053022210.0
19152228960.0
19152482398.0
19157013273.0
19158429322.0
19152011647.0
19157514600.0
14323094090.0
19158871449.0
19158333066.0
19158335661.0
19157518741.0
19155001948.0
19155191087.0
526563836537.0
526561201600.0
526567605477.0
19098735974.0
14088995558.0
526562227610.0
16617475812.0
15754469096.0
13059129944.0
19549225671.0
14693005414.0
15053374702.0
12399778999.0
14805106827.0
15202144653.0
16315675625.0
16026960763.0
14804181653.0
15204129614.0
526566580882.0
526567591412.0
526562119379.0
528000046633.0
19155329992.0
526566177345.0
19157788787.0
526566943856.0
526566548387.0
526562272400.0
526566341488.0
19152473619.0
526566798522.0
19152004602.0
526566308944.0
526566050005.0
526562270000.0
526566322202.0
526566120434.0
526566323096.0
526566937899.0
526566234042.0
526566378645.0
526566310605.0
526566340044.0
528009256278.0
525591566600.0
19155925859.0
19152361596.0
19157792900.0
19157785341.0
19155623605.0
19153086480.0
526565024463.0
526564466972.0
526565015057.0
526566104084.0
526567567704.0
19157781234.0
19157012097.0
19156006247.0
19153078003.0
19152494172.0
19158432330.0
19153522822.0
19153127566.0
19157790100.0
19155991363.0
19155654040.0
19152292615.0
19152014672.0
19152132520.0
19154443585.0
15752830515.0
19157793502.0
19157902661.0
19152576820.0
19156131348.0
19152620101.0
19152212501.0
19158608607.0
19152130703.0
12249359726.0
14806000410.0
15708170040.0
19179620024.0
19153280682.0
19155655656.0
19155811200.0
19152771401.0
19155819742.0
12058709920.0
16199271645.0
12568943313.0
17027203337.0
16028309269.0
12677779778.0
19153511002.0
19152132499.0
19155329666.0
19155332989.0
19155420274.0
13036199136.0
14699492533.0
18179685048.0
12144227221.0
14698257901.0
18174594300.0
16828889486.0
12145380923.0
18174698582.0
18172769424.0
18172741400.0
18174670613.0
19728853367.0
16826998201.0
19722100305.0
18174684224.0
19722370025.0
18179521418.0
19176897576.0
14697724693.0
16823441580.0
16822532854.0
16822359531.0
14698543813.0
16822680315.0
16827024033.0
16822680453.0
16822531445.0
14698680885.0
19723470724.0
19722368377.0
16822148415.0
18177600896.0
18172779171.0
18174729828.0
19726199281.0
18176521833.0
18175453000.0
18175239724.0
14699772756.0
18175330970.0
18174835225.0
18174229592.0
18174602272.0
18177014637.0
18174664848.0
18176528900.0
16822356600.0
18179876556.0
18175722775.0
18176522690.0
18175489292.0
14693540652.0
18174615803.0
16822766623.0
18177549083.0
16822770305.0
18172646564.0
13618535397.0
13619922200.0
13618516736.0
13619337841.0
13618845922.0
13616035337.0
13614441282.0
13615631084.0
17136146525.0
13618552734.0
13619931400.0
13618539173.0
13617379537.0
13614440061.0
13612106333.0
13612106352.0
13463853167.0
13616961302.0
13619941117.0
19567661034.0
15125562999.0
17135225555.0
13619492233.0
15029352614.0
13463611595.0
13618005640.0
12708428437.0
16172479779.0
12549223109.0
12677300908.0
13612420642.0
13619604994.0
13612392969.0
19037588864.0
13462892282.0
12818439084.0
13613340239.0
13619926614.0
13618555920.0
13618888871.0
13618617342.0
13618545000.0
13614294443.0
16263778215.0
13618878277.0
13618545894.0
13618521221.0
13612711827.0
13618542695.0
13615497450.0
13618087062.0
13619931364.0
13619922467.0
13618822248.0
13619949000.0
13618843928.0
13612710243.0
13618790960.0
13614800754.0
13618843995.0
13619068803.0
16197607975.0
13613001526.0
13618149425.0
13615331792.0
13613361258.0
13616552244.0
13614364151.0
13614440824.0
13612898277.0
13612661088.0
13612141180.0
13618833948.0
13614443065.0
13612254869.0
13618146373.0
13619041357.0
13617230251.0
14044249806.0
19546007310.0
12818107821.0
18328855558.0
15137666578.0
13618870764.0
13618841030.0
13618818817.0
13618826666.0
13618819448.0
13617770665.0
13612891977.0
13618833492.0
13615045716.0
13613568762.0
13613600836.0
13618879856.0
13614004121.0
13613568955.0
13618836002.0
13612713029.0
13613601051.0
13614443137.0
13618553031.0
13618823191.0
13619929323.0
13612733055.0
13614267010.0
13617588286.0
17147105324.0
14044098845.0
14088772177.0
15709909901.0
16788036556.0
12816039260.0
18183055405.0
18305001335.0
17187018833.0
18193198189.0
16024829855.0
16179936581.0
12818521516.0
18054726062.0
12159954740.0
18454136123.0
528683523980.0
12166001455.0
13618519360.0
13619930363.0
19729353552.0
14302240078.0
19858724200.0
14696089307.0
12567142350.0
12819572838.0
12815728705.0
13462262918.0
19365889712.0
12256277183.0
15198904509.0
12132610650.0
13614440160.0
13612261448.0
13619936868.0
13614944344.0
13612103707.0
13614800605.0
13619852552.0
13618578300.0
13618578090.0
13612252775.0
13614440127.0
13617927000.0
13613568887.0
13618539831.0
13613605816.0
13614007452.0
13613601420.0
13612786390.0
13614454820.0
13613568912.0
13618554845.0
13613568720.0
12148808250.0
14693040073.0
12147138667.0
14699998676.0
19728332123.0
19728464272.0
16822770336.0
14692057101.0
12142254449.0
14696497206.0
14694028784.0
14697176752.0
14695005737.0
14698496361.0
19453088487.0
14699883688.0
12149745023.0
12148362778.0
14692884708.0
12145753070.0
19724237011.0
19724226300.0
19725993280.0
14696450388.0
12146228852.0
12147994859.0
14699229966.0
14696297767.0
14697302623.0
19722847525.0
19727377305.0
12143078383.0
19727012058.0
19729875667.0
12149897539.0
19725444699.0
19727299001.0
14699084885.0
12144911655.0
14694053166.0
14695155907.0
19725785180.0
14697770884.0
14698096009.0
12142722447.0
14692060660.0
12149491006.0
14693788990.0
12142414723.0
14694140823.0
12143829838.0
14696408808.0
14699772467.0
14692786509.0
14699772616.0
19723120700.0
19728464829.0
19729851212.0
14699724423.0
19723590336.0
19723599665.0
14698173428.0
12147449744.0
19726730000.0
12148915679.0
14698543131.0
14694039335.0
14699059092.0
19722459746.0
19727796883.0
16823829902.0
14692085648.0
14697711022.0
12147613459.0
14692707073.0
19729966466.0
19723640153.0
14696639993.0
13475869556.0
19452020415.0
14697797020.0
12817517188.0
19728000308.0
14699083122.0
19729457140.0
19724325695.0
19728464817.0
19727819084.0
12147992104.0
19726121963.0
18174021461.0
19728829232.0
14698741186.0
14693357857.0
12142999174.0
19725438060.0
14696851478.0
19727275271.0
19724234010.0
14692700696.0
19723325928.0
19728679792.0
14696663512.0
14693310762.0
14699772876.0
16825169940.0
14693052789.0
14695809087.0
14696090287.0
14692333403.0
14695518676.0
14695731089.0
19728630282.0
14699705805.0
14698385939.0
14694141177.0
12144465027.0
19724294892.0
14699129931.0
14697357160.0
19723295625.0
12143251227.0
19724224999.0
14693310745.0
19726694055.0
19728460508.0
19727712020.0
19725175443.0
19724236470.0
19723490625.0
19728958321.0
14699662608.0
14694499740.0
12149605525.0
14699120742.0
19725309961.0
12147732921.0
19723099757.0
12145756322.0
19723773613.0
14699866047.0
19725268500.0
18334424534.0
19728805848.0
12143089190.0
14695131678.0
12145524194.0
14696561124.0
19724913550.0
14699691364.0
19724719642.0
19729787962.0
19725780201.0
19725198490.0
19729859000.0
19458009010.0
19727470694.0
12143870701.0
12149846257.0
19724221695.0
14696069265.0
14694312231.0
19724236266.0
19727273454.0
14695738662.0
12145041770.0
19724227084.0
19727979533.0
14695548863.0
19726611888.0
14699772702.0
19567443278.0
19564260774.0
19567251686.0
19564200634.0
19564892228.0
19563985469.0
19563051549.0
528677134978.0
528671998474.0
528671164351.0
528673334217.0
528672550900.0
528671164352.0
528671145340.0
528671994871.0
19567538831.0
528677363260.0
19566254095.0
19567217300.0
19567268000.0
528672502730.0
528672737319.0
528671835840.0
19564744016.0
19563274615.0
19563079087.0
19562318750.0
14025540499.0
16146365797.0
13214833978.0
16155958900.0
528671121695.0
19567251201.0
528183579885.0
16144705250.0
19566458079.0
19563241482.0
19564138929.0
19563944269.0
19567230541.0
19567234412.0
19567128558.0
19566524626.0
19567258497.0
19569379550.0
19568154355.0
19564621077.0
19567040335.0
19567043665.0
19563073306.0
19562675490.0
19567237433.0
19563074358.0
19567220981.0
19565688006.0
19567915575.0
19562857922.0
19567263892.0
19569556869.0
19562187000.0
19567237473.0
19567220761.0
19565680212.0
19566082053.0
19567641400.0
19564137680.0
19567969555.0
19567269766.0
19567224956.0
19567129118.0
19567260535.0
19567248176.0
19562322441.0
19567269871.0
19567258168.0
19567280371.0
19567171840.0
19567210617.0
19567255840.0
12267983414.0
19564625444.0
19563248240.0
19569376463.0
19563075816.0
19565316396.0
525555632222.0
19567043299.0
19567043510.0
19566911287.0
19564621117.0
19564620423.0
19565316609.0
19564620466.0
19567040391.0
19563073158.0
528676891244.0
19567042043.0
19564620441.0
19564620327.0
19564620449.0
19567950207.0
19562427118.0
19564620353.0
528677115020.0
19567255063.0
19567172327.0
528671373246.0
19567183220.0
19567241147.0
528677174218.0
528677147211.0
19567270492.0
528677243100.0
19567250468.0
19567913303.0
528677102200.0
19567251155.0
19567241128.0
19564621683.0
528677145953.0
528677240550.0
19565397550.0
19567274456.0
19567275000.0
19567263701.0
17184318080.0
17602209089.0
13478018838.0
528677194262.0
19564621733.0
19569376450.0
18067957117.0
18067624414.0
18067929090.0
18067895691.0
18067658144.0
18005397571.0
18067947966.0
18067739897.0
18067881484.0
18067914102.0
18067806900.0
18065895363.0
18065495723.0
18066862121.0
18068606919.0
18064124625.0
19187433833.0
18067923721.0
18067975036.0
18067050844.0
18064524084.0
18062981280.0
18063177725.0
18063198613.0
18067806745.0
17202626466.0
17209005625.0
17207103141.0
17193619700.0
17202622419.0
13039905114.0
18067716555.0
18067441531.0
18062834022.0
18067478673.0
18067960330.0
18067658164.0
18067658013.0
18063706160.0
18063196257.0
18063684545.0
18063195969.0
18067408226.0
18063705909.0
18063008279.0
18065034720.0
18063706025.0
18063197630.0
18067639017.0
18063684240.0
18063198030.0
18067473454.0
18063701100.0
18063199083.0
18067679015.0
18067914384.0
18067447401.0
18067057370.0
18067785601.0
18065434641.0
18063293999.0
18067441733.0
18065034980.0
15595731997.0
18067152450.0
18066152223.0
18067911695.0
18064073540.0
18067925161.0
18064166173.0
18066076296.0
18066860838.0
18067738052.0
18065036203.0
18067911231.0
16152380310.0
12092661290.0
18503207051.0
14052194612.0
17274740254.0
19549401237.0
19282213716.0
13479046799.0
14252090042.0
17272872771.0
17328991414.0
12537853136.0
12817839927.0
14128790906.0
16364225439.0
18593968528.0
17173794109.0
13258005625.0
18067444766.0
18067929795.0
18067485900.0
18067955579.0
18067714842.0
18062819000.0
18067958341.0
18063689707.0
18067473211.0
18067911210.0
18067454443.0
18067850000.0
18067442879.0
18067484800.0
18064841701.0
18067949728.0
18063684142.0
18067970370.0
18067942681.0
18067974141.0
18062212346.0
18067944297.0
18063197636.0
18067984000.0
18066980652.0
18067935050.0
18067932727.0
18067841500.0
18066873000.0
18067986100.0
18067830206.0
18066980055.0
18063701336.0
18067938844.0
18062241626.0
18064010054.0
18068538770.0
18067913000.0
18069935009.0
18067453342.0
18067924805.0
18063709546.0
18067973441.0
18063684786.0
18067922052.0
18063198645.0
18063197292.0
18063701881.0
18064030680.0
18067926838.0
18063198465.0
18063196169.0
18067476094.0
14699090537.0
19724637924.0
19722787688.0
14693253602.0
14695122203.0
14699208704.0
12147259951.0
19723255984.0
12145536103.0
19722786626.0
12142277876.0
19722765779.0
19728077139.0
14698257776.0
12147133513.0
19726136205.0
19722708000.0
12148078467.0
12143210203.0
14692904026.0
14693177060.0
12145535761.0
14694039866.0
19724750906.0
19724757196.0
12149199992.0
14692795891.0
12147606966.0
14696983279.0
12142254158.0
19727712825.0
19724401451.0
19724414801.0
14692097610.0
14694781862.0
19724757000.0
14694022458.0
19728642114.0
14692212580.0
14692989985.0
19728464813.0
12145500419.0
14694503891.0
14696269381.0
12148863326.0
19729136088.0
14692240468.0
19729059240.0
19728648016.0
19727979375.0
12144402989.0
19722723449.0
14698684517.0
19724123190.0
16142642378.0
12142530685.0
14692097612.0
19726388018.0
12148037760.0
14693040237.0
19724954553.0
12147944824.0
19724963362.0
19724953915.0
19724965600.0
14694434735.0
19724958456.0
19726869401.0
14693711536.0
12143431032.0
18667382487.0
12142203937.0
14699772920.0
19726443979.0
19723629616.0
18174046542.0
19722342300.0
19722338882.0
19728664573.0
14699331155.0
19726569341.0
19725438059.0
19725301615.0
19728406666.0
12142213135.0
12142880783.0
19724969225.0
19728086558.0
14693457708.0
14693310682.0
19725302886.0
19724958536.0
19724958080.0
19725307000.0
14695624011.0
12149453776.0
19724876968.0
19722022989.0
12146070218.0
14698688220.0
12146074900.0
19452840490.0
19726758661.0
19724956756.0
19724952627.0
18007861000.0
15804787055.0
19724426272.0
19724941977.0
19724499476.0
19724940481.0
12145012960.0
19457131437.0
19724750770.0
12143214362.0
19728535602.0
19726980300.0
14692329166.0
19725132400.0
19722562073.0
12146747947.0
19727564046.0
18669831035.0
14699987422.0
12144490728.0
19725947070.0
12143504435.0
12142325285.0
14699491083.0
19729864429.0
19724389177.0
14695651655.0
14696408502.0
14695864134.0
14697067774.0
19727210650.0
19725140510.0
12145500378.0
19152433387.0
19725104078.0
19724459876.0
19722581200.0
19727908866.0
19723136100.0
18178582000.0
12145283500.0
14692187890.0
18772226915.0
19728919926.0
19722581204.0
19452225960.0
16822740166.0
14694941353.0
14693258201.0
19727900707.0
12148141593.0
14697858783.0
12149807141.0
19727908664.0
14692154914.0
14695173680.0
19728534728.0
14692086141.0
19725063006.0
19724847077.0
14695043610.0
14696466848.0
19407655118.0
19726845937.0
14694365196.0
14692288235.0
14695994708.0
12142133930.0
14694270519.0
19723461109.0
19722434329.0
12149861013.0
12142723067.0
19722411187.0
12144200518.0
19728037329.0
12143903049.0
19724457235.0
19724457296.0
12146507861.0
19722624665.0
12145608807.0
12146341152.0
16822313004.0
16822680286.0
16822191749.0
16822380174.0
16822510315.0
18177850200.0
18176180568.0
18175911344.0
12149568040.0
19723913610.0
18773394245.0
16827774771.0
19722618343.0
12145744000.0
14693914024.0
19722416326.0
19452539598.0
18006220405.0
19725010525.0
14693511002.0
19722435041.0
18004431605.0
18004633339.0
19196176132.0
19724328462.0
14692977942.0
19729736433.0
12143662000.0
14694053340.0
19724499706.0
14693798545.0
19727179727.0
16822500805.0
18172104593.0
14699083790.0
14694239672.0
19452959633.0
19728318357.0
16826514358.0
14699993616.0
14698458001.0
19722529888.0
19725069924.0
12146878092.0
18174243838.0
19724646007.0
19724847517.0
19722381600.0
12148023980.0
19722368371.0
19724330497.0
19727211489.0
18174727260.0
18063414007.0
18064374365.0
18063741362.0
18063569006.0
18064194121.0
18063424408.0
18063587667.0
18068082450.0
18068032539.0
18066229891.0
18064545484.0
18065185823.0
18063223666.0
18064689100.0
18063741502.0
18063223449.0
18064184630.0
18063723254.0
18064371420.0
15032324363.0
14178654074.0
19703537880.0
17863735713.0
17182326295.0
17026599779.0
14809836149.0
13023049624.0
14075055393.0
14025512170.0
15095794333.0
13033210891.0
18063109897.0
18063810032.0
18063543200.0
18063836544.0
18063737424.0
18063536464.0
18063107360.0
18064682530.0
18064148813.0
18063768888.0
18066800821.0
18066800450.0
18062141468.0
18065998671.0
18062142985.0
18063735132.0
18062230155.0
18066392005.0
18063370093.0
18063107035.0
18066800520.0
18063738161.0
18063107588.0
18063724585.0
18066800861.0
18063560071.0
18064102662.0
18063723626.0
18063182719.0
18066800003.0
18063557686.0
18066800403.0
18064100494.0
18063747899.0
18063732840.0
18063741842.0
18063101084.0
18066777357.0
3347051983.0
17028582448.0
16206243286.0
17203304322.0
18552447539.0
18166940035.0
17023389744.0
19048466640.0
17196213721.0
16614289952.0
13605242649.0
16194945162.0
18454298400.0
16176510799.0
12569055255.0
19703713338.0
17025084011.0
14378292907.0
17864024103.0
14058685934.0
15757517679.0
14848911922.0
13037455500.0
18063765486.0
18063351311.0
13603885023.0
18316659147.0
17205883148.0
15038489100.0
16606214200.0
15093704370.0
13036477846.0
18063180483.0
18065034359.0
18063593435.0
18063559208.0
18063733057.0
19792386390.0
18064686000.0
18063717588.0
18063764911.0
18063187660.0
18063732122.0
18063583388.0
18063180044.0
18063597412.0
18065529524.0
18063510310.0
18063707855.0
16822515572.0
14698268397.0
18178359592.0
18172337940.0
18177040600.0
18177683631.0
18176409846.0
14692620028.0
12143905519.0
18174067577.0
19725908149.0
19725130111.0
12143049634.0
16822063287.0
19722648822.0
19727635412.0
19723522659.0
18176401777.0
14699772824.0
12147643764.0
12146770426.0
12149094372.0
19726028100.0
12149868967.0
19728630295.0
14698707863.0
12142538931.0
14699095400.0
18772667300.0
19726395830.0
18444034977.0
12145186464.0
19726323873.0
18008220866.0
14692152600.0
12148844444.0
12143313885.0
18559552534.0
14695632254.0
14692088324.0
14695132716.0
19722629090.0
19722961932.0
14694574209.0
19728630450.0
14699772314.0
19728630230.0
18172678661.0
18175457001.0
18174590904.0
16823050003.0
18177951217.0
14698717517.0
19562035044.0
19565514656.0
19562037625.0
528688391361.0
19564591311.0
19566259519.0
19562387540.0
528681082241.0
19564918608.0
19564520862.0
528683124725.0
528688139298.0
528681907858.0
528681169122.0
528682445132.0
528683733079.0
19565902895.0
528341435641.0
19565445466.0
528681926902.0
19566210105.0
19565418749.0
527139229719.0
528682245198.0
19563469600.0
19569826800.0
528689071025.0
19564355109.0
528681193375.0
19566390620.0
19563502232.0
19569527398.0
528681751743.0
528682500121.0
19565565570.0
19565908047.0
19563505772.0
19565901981.0
19565091892.0
19563826364.0
19566400953.0
19565425316.0
19565924880.0
19565092077.0
19565418281.0
19565411500.0
19565549012.0
19565410167.0
19562383442.0
19562382206.0
19565421776.0
19567098054.0
19567099813.0
19564651209.0
19565418406.0
19565427249.0
19567098600.0
19565480732.0
19565042886.0
19568045855.0
528116311914.0
19565749701.0
19565412886.0
528681438662.0
528688124828.0
528686881616.0
19563744492.0
19564654117.0
528688144104.0
19565748208.0
19562382105.0
528681284629.0
528688197160.0
528688259974.0
19565420475.0
528688179098.0
528688113800.0
19563381973.0
528688122280.0
528688194397.0
528688194690.0
528688246414.0
528688146234.0
528688144984.0
19563381695.0
528688124481.0
19565873484.0
19566214979.0
15052073496.0
19562019528.0
19569431173.0
19565411251.0
19562382407.0
19566945421.0
19565428300.0
19563381022.0
19565414816.0
19562382212.0
19565420770.0
19565429193.0
528682357865.0
17139444982.0
12816125280.0
13463757997.0
17139415397.0
17138755825.0
12812153560.0
13462911935.0
17138449454.0
18322254147.0
17136430623.0
12818392705.0
18322102675.0
18325528028.0
17134977025.0
12813389100.0
12813033802.0
12814881919.0
17139001877.0
17134439480.0
13462910141.0
12813827235.0
13463848849.0
12814229828.0
13463757817.0
12813369996.0
12819989669.0
17134777128.0
18324092152.0
12814786363.0
17139478389.0
12816400498.0
17134272487.0
13468158070.0
18327672225.0
18323426114.0
17139433527.0
17134856700.0
17134809458.0
12814049937.0
17139469960.0
12816043709.0
13465700264.0
13463849050.0
17134504502.0
17134519600.0
13463611510.0
17134282725.0
13462495550.0
12817559822.0
13466330310.0
13462674344.0
13464886293.0
12816856065.0
17132029546.0
17134535473.0
13468884230.0
13469805959.0
17134503105.0
17136492735.0
17134513700.0
13467028444.0
17132420000.0
18669859035.0
12815062345.0
18006041866.0
13468779900.0
19364631950.0
17134720082.0
12814792326.0
17134550979.0
17134518869.0
17134552741.0
13468024919.0
17136370106.0
17139364162.0
12818498533.0
18329711136.0
12814642080.0
12813994285.0
12814876645.0
17139415999.0
12814816482.0
13465013767.0
12819983600.0
12814811445.0
12818109672.0
17139470641.0
13463965109.0
12813329201.0
13462980553.0
12813347233.0
18325343477.0
18327828952.0
12819917867.0
12819980787.0
17139108280.0
12814877071.0
12814871171.0
12814799274.0
12816043673.0
17139438280.0
12816072715.0
17139479249.0
17139441150.0
17135347627.0
12819982221.0
17139476058.0
17139410397.0
12814790645.0
17135801562.0
12819300326.0
17139484100.0
13463529454.0
18327012620.0
12814870969.0
17135818123.0
13462505393.0
12814871946.0
13462506258.0
13466138177.0
12814795931.0
12819919901.0
17134724277.0
13462660295.0
17133780929.0
13466132576.0
13462660194.0
12818174714.0
13466132285.0
12814796697.0
13462501432.0
13463302294.0
12814769981.0
12814873269.0
12819253534.0
12814799362.0
17139478997.0
13462501372.0
17139437651.0
17139489888.0
18325530015.0
13462417020.0
12818170255.0
13462501575.0
17133780178.0
13466138348.0
17135346660.0
17133780356.0
18328081049.0
18889640884.0
12815040143.0
12819981077.0
17134750925.0
12819982561.0
17134774880.0
12813058364.0
17139444555.0
12814799636.0
17134892089.0
19725429450.0
13238978723.0
12142969678.0
19723664687.0
14697174465.0
14698716324.0
14699275286.0
19725699909.0
19725487740.0
+19724527755
+14695696389
+14695360701
+14699726865
+19729004330
+19725444574
+19729841009
+19727988988
+14696258632
+18054726062
+13035320602
+14699522436
+19729728098
+19033049714
+19724415858
+12147655100
+12143858411
+19724229941
+12145010367
+12143198971
+19729149446
+14694981455
+19725426567
+12143055348
+14693737439
+19725420244
+19727581320
+12143854605
+19725423712
+14696340698
+19722656378
+19726323963
+19725425062
+19725296900
+19725480771
+14692136332
+12145920034
+19725425838
+19725427867
+19723017711
+19725699255
+12145440997
+14697127125
+12145445000
+14696597264
+19724891950
+14693012969
+12144911893
+14693449550
+19725470762
+14694527021
+19725485140
+14692193001
+14696768029
+14696252130
+19728139704
+14695254400
+14693522112
+19725422223
+14698042338
+19726322000
+19729054632
+19727825162
+19725690102
+19725425552
+19725405895
+19725489644
+19725472240
+19728381658
+14695254965
+19725425463
+19725400284
+14699054930
+14695911686
+14695254300
+12145920511
+14695254153
+19723470719
+16823270856
+14694255125
+14695918135
+19725625333
+14694241810
+14699084240
+19725621111
+19033377424
+14696788200
+14692167437
+14694226601
+12148697712
+19725474040
+19729788797
+19727366330
+12142186065
+14692777277
+14699277978
+12148338760
+14692138408
+14696074241
+14698428536
+14698883680
+12146581708
+12149704741
+19723798418
+14694494420
+18178032184
+12142792097
+19725409202
+12148428144
+12147850766
+14696091077
+14697726430
+12142047602
+12147852358
+19726826294
+19729139491
+19727571250
+19728516911
+12143251227
+19453692999
+16822006412
+19725217959
+19725957579
+14699772450
+12143245087
+14693257543
+12149603201
+14694895068
+19728929205
+19728630216
+19723290771
+12145897237
+19722169100
+19723012058
+18663528931
+19722851288
+14693996090
+12143966664
+19722790605
+15515798118
+19455231120
+19723600559
+14697262104
+14694070935
+14697880458
+19453134606
+18173811078
+14692754071
+12145513498
+19722459583
+19403405068
+19403879797
+14699567623
+12144946446
+14693843715
+14696330607
+12143933141
+14693424447
+19725267061
+12144078550
+19727121934
+19729459226
+19723255967
+19723778999
+19724414411
+14692000980
+14692002669
+14698297518
+12144691538
+19724350700
+12143874372
+12146032319
+19726321935
+18176786091
+19724391191
+12143089441
+14693040535
+12147711507
+19727368713
+14692948580
+12148387163
+14693691000
+14692778691
+14693880088
+14693881095
+14692098599