12058033900.0
13343010191.0
12519682504.0
12564282022.0
12059853019.0
15615330344.0
12059897277.0
13345847402.0
13348771447.0
512235125.0
12565336550.0
12563610836.0
12053487647.0
3319999993.0
12565344428.0
13342631915.0
514427991.0
12565823845.0
3331224411.0
514851193.0
3016598845.0
3067777982.0
3405482246.0
3450202990.0
3333949543.0
12565242127.0
12059914446.0
12564341748.0
3125364881.0
3111555990.0
3345707184.0
3042008465.0
3005223329.0
12058233030.0
3355806700.0
514906859.0
3020333393.0
3015635480.0
515761289.0
3065155281.0
3245318343.0
3349595569.0
3350972045.0
3005525250.0
13348971607.0
13342911700.0
19072585535.0
19072245420.0
19072726110.0
19072652326.0
19072764933.0
19074168989.0
19072432800.0
19073305200.0
19073462133.0
19073138250.0
19073442581.0
19079295835.0
19073733033.0
19072763119.0
14809559375.0
16023239600.0
14809412140.0
14804344433.0
16024414378.0
14805137586.0
16022521323.0
14803481577.0
14805902699.0
14807752830.0
16029420030.0
16027434638.0
19283016964.0
16023427575.0
16024604491.0
16233299923.0
19284672468.0
14794345858.0
15014559100.0
15013593593.0
14799362160.0
14795216151.0
15017586340.0
14796841749.0
15017583080.0
15016644956.0
14794456545.0
14796313096.0
3165290785.0
18707772777.0
18704345512.0
18702692726.0
18054458520.0
16196889113.0
15592990660.0
17604790166.0
13103938355.0
13102769600.0
16192672850.0
12134846321.0
15594324100.0
15596880283.0
15592561700.0
15592227215.0
15594470262.0
19495480810.0
15594336750.0
14154743190.0
15592908024.0
15594167185.0
15593248215.0
15593234895.0
15597974096.0
15594723267.0
15592984549.0
15593248174.0
15594322628.0
15595588951.0
15593253120.0
15594461986.0
15597606910.0
15597217292.0
15595703574.0
15598752555.0
13033843000.0
13036884495.0
19704685780.0
13032003805.0
13033883900.0
17208187062.0
17208879900.0
13035959919.0
17203236125.0
19709040716.0
13039342220.0
17195932600.0
17202546468.0
17195388114.0
13034469500.0
13035346161.0
13033331201.0
17195915515.0
13032606001.0
13034493774.0
17195940111.0
15055870586.0
13037922999.0
17206124308.0
13033849888.0
13033990201.0
17203853600.0
18886572881.0
13038936127.0
17193557239.0
17208051973.0
17206504487.0
17202740789.0
13037948100.0
13034440722.0
17202604539.0
17202590135.0
13034701010.0
13035452090.0
17196379497.0
12038748269.0
18606640700.0
18604323398.0
18603834340.0
18603998656.0
12033012240.0
12037433247.0
12037545650.0
12032275165.0
12035739898.0
12034216669.0
12034060172.0
18608680119.0
12035970388.0
12033787754.0
12035772000.0
12038725040.0
12038193824.0
12032212205.0
18608154705.0
18604362213.0
12033569667.0
12037721310.0
12034151071.0
18604363258.0
18605615072.0
12038779393.0
18606649505.0
14752888686.0
12032209424.0
18603990049.0
18606936170.0
12032727248.0
18607132538.0
18603252606.0
12032956000.0
12033277128.0
14752384498.0
12033095110.0
12035028118.0
12037555603.0
18606443182.0
12032342162.0
18605091060.0
12037941211.0
18607019123.0
18602450200.0
18606489436.0
13022275227.0
13027319816.0
13022269223.0
13024789271.0
13025396110.0
13026741787.0
13027340415.0
13026016225.0
13024548007.0
13027375471.0
13026641840.0
13026136400.0
13022966360.0
13027920555.0
13026564409.0
13024753696.0
13022278288.0
13014911007.0
13028940895.0
13023541985.0
13026457300.0
13024756560.0
13026456589.0
13023175980.0
13023281040.0
13023697015.0
13022277110.0
18335430751.0
13022275444.0
13023847559.0
13026339960.0
13029998980.0
13025494236.0
13025999659.0
13022271602.0
13028361734.0
13024786800.0
14078516255.0
19548462350.0
14072389301.0
14072387787.0
17273830367.0
18338004343.0
18133423790.0
14073529600.0
14073961306.0
14243332043.0
14079395277.0
13059351110.0
15615154400.0
14073960500.0
14073633555.0
14076011392.0
17868287044.0
13212356986.0
13217272000.0
17273762497.0
15616205555.0
19545815186.0
13053414200.0
17278472036.0
14075635200.0
19549297710.0
19548469779.0
17274610099.0
18133506311.0
19548352272.0
15614175151.0
14077874181.0
13059089610.0
15614914540.0
14076486803.0
17274204080.0
19419219084.0
18133533713.0
14075181383.0
14075544675.0
13053929151.0
19413552137.0
19548465130.0
14042336767.0
16784828788.0
14046888859.0
17703955860.0
14049571705.0
14049007900.0
17066021305.0
17702729880.0
14049399270.0
14042620992.0
17702274362.0
17707651000.0
14042331902.0
19127864561.0
14047668913.0
14044328717.0
19294303373.0
14042571323.0
14044941150.0
14704123838.0
17705542024.0
14704142208.0
19128323270.0
14782858882.0
17069658398.0
17062162586.0
14045212224.0
16785415803.0
14048699222.0
16785675100.0
17067827029.0
17069473773.0
19129446113.0
17709284105.0
16784031905.0
14784522562.0
16788912719.0
19124506444.0
16783294567.0
17062167084.0
17066323700.0
17066636801.0
17705579919.0
17709982622.0
14784741078.0
16784438980.0
14046008387.0
17067336767.0
16787715833.0
17628001451.0
17066531950.0
17068823338.0
17705941671.0
16783248023.0
17705865955.0
16789543459.0
14705453045.0
17063366961.0
17704857437.0
18088859501.0
18442993024.0
18089559517.0
18085937502.0
18089316105.0
18088868811.0
18089222246.0
18089262323.0
18087397500.0
18087265769.0
18087422831.0
18088857178.0
18086374416.0
18088868822.0
18089228832.0
18089221800.0
18664434763.0
18089265883.0
18085979055.0
18085432145.0
18087371022.0
18082636339.0
18089730580.0
18089733266.0
18089268844.0
18085214578.0
18089733388.0
18088673120.0
18089231191.0
18084707961.0
18088245110.0
18082561388.0
18089220062.0
18083691131.0
18084529008.0
18089235692.0
18084894330.0
18089222299.0
18088973763.0
18088610733.0
18085435300.0
18085939151.0
18089716880.0
18085932883.0
18089415500.0
18089313591.0
18089558441.0
18089490411.0
18085919995.0
18089211000.0
18085999601.0
18086776700.0
18085918411.0
18089569645.0
18084419757.0
18082005282.0
12083926723.0
12083692152.0
12087745759.0
12085249385.0
12082587459.0
12085018207.0
12083772613.0
12083321013.0
12086395000.0
12082038359.0
12087263210.0
12083925223.0
12089990274.0
12088905246.0
12083363854.0
18887031206.0
12089266100.0
12085231010.0
12083432506.0
12089365647.0
12083425505.0
12087096124.0
12085234818.0
12084190796.0
12085248300.0
12083446604.0
12085220700.0
12088958433.0
12089322900.0
12082709524.0
12083736000.0
12088294134.0
12084657533.0
12088994474.0
12084193404.0
12084428145.0
12083432582.0
12087159500.0
12085286202.0
12085521370.0
14066832580.0
12083845299.0
18479287500.0
13122614700.0
13122221622.0
13124403580.0
18473301537.0
18156669951.0
12177870110.0
13122267777.0
17738402456.0
13094449884.0
17086283677.0
18475249590.0
13096937773.0
13096768402.0
18479131988.0
18478210735.0
13092511399.0
13098290018.0
16305194800.0
17737225500.0
13312132695.0
17792204179.0
13123618573.0
13124641110.0
17735254400.0
13125639779.0
18473836888.0
17082336887.0
18478847411.0
17084282116.0
18472339621.0
18474480404.0
17085971144.0
16304995068.0
12174028366.0
18889854157.0
13097971866.0
12176797134.0
18152269003.0
12173309904.0
17087577775.0
16306921053.0
16303820088.0
19175831538.0
12176072867.0
12245187471.0
18153903438.0
16308324500.0
17737614626.0
17083497300.0
16303681339.0
18474938696.0
16305548049.0
13129780978.0
13123219400.0
13095793550.0
18446303375.0
18125269764.0
13172034555.0
18332011970.0
13177705996.0
13175744000.0
13174262552.0
13179830485.0
13179559925.0
13172342468.0
12198796506.0
13178180725.0
12608331516.0
13175775600.0
13177910420.0
13178499993.0
13175690780.0
13173188104.0
19293887922.0
13172679005.0
13172372900.0
15747730002.0
13179172755.0
12607687300.0
13177628780.0
17654646519.0
13175164731.0
13177425089.0
13178607606.0
15133359123.0
13179915633.0
12192502554.0
12607687399.0
13173536710.0
13178951930.0
13177068913.0
13173482225.0
13176690955.0
13174931423.0
13177372146.0
13177038697.0
13174368674.0
18125265933.0
13177868246.0
13172479408.0
13172410618.0
18128766292.0
13178971740.0
12197876800.0
18129881025.0
14633021474.0
13173502399.0
13174262116.0
13193540863.0
18332600877.0
13196255522.0
13193386111.0
15159575500.0
13195196305.0
15152768551.0
15152323679.0
15152945684.0
15156064135.0
15154462512.0
15639286432.0
15632653939.0
16414236688.0
13196689595.0
15152820082.0
15159677832.0
15635823760.0
13193379444.0
13195192104.0
15152214320.0
13193389441.0
17123253231.0
17123256000.0
13193310851.0
15152211938.0
15159573151.0
15157339311.0
15159570252.0
15159643150.0
13196481234.0
15159676837.0
18889677467.0
17124854446.0
15154430500.0
15152855454.0
16414234474.0
13194990838.0
15632451799.0
19133629668.0
19132967951.0
18165235553.0
19134981111.0
18169601444.0
18166487872.0
18168420471.0
19133812229.0
19138884400.0
18167530100.0
18163499646.0
18162748444.0
19139446298.0
18168420200.0
13167220500.0
17855244752.0
19133610117.0
19133610030.0
18556467724.0
18163633545.0
19134928111.0
19132313190.0
19132998672.0
19133280322.0
19138398654.0
19134325228.0
18162536614.0
18162210220.0
19133610069.0
13162603111.0
18015806395.0
13168693435.0
19133349828.0
19132817705.0
19138024076.0
18168425525.0
19133349134.0
19133340285.0
19133140340.0
16204659800.0
16205092093.0
16207862333.0
17856582602.0
16206632376.0
18336216078.0
16207939338.0
16202920500.0
16204652733.0
16206622343.0
16207922585.0
16208044202.0
16202572337.0
17852272053.0
16202417967.0
16207933699.0
18162743222.0
16206175057.0
16207926731.0
19133850231.0
16207923632.0
16205643156.0
16208602327.0
17856582120.0
16206038462.0
19135536242.0
16203775678.0
18162553210.0
16207934867.0
16207937660.0
16207182036.0
18168000990.0
13162435000.0
16202782311.0
16206622875.0
16205623545.0
16206622274.0
17854553317.0
17855256464.0
16206532330.0
16205873496.0
17854832770.0
16207921251.0
16206036410.0
16205343551.0
16207922900.0
16207925043.0
18162161526.0
16207925500.0
17856582559.0
16203052132.0
16207933500.0
16207921521.0
16207925800.0
17858275388.0
16205493999.0
16207936213.0
16206622778.0
16207923999.0
16207962133.0
17858256787.0
16207937884.0
18559552534.0
16207936399.0
16207965910.0
16203030350.0
16207925256.0
17858256800.0
18003970330.0
16207925219.0
18168422473.0
19132505814.0
17753583800.0
17858252229.0
16207922748.0
17856583626.0
17856250001.0
16207922491.0
18165312655.0
16207936845.0
16207925958.0
17854529036.0
17852151212.0
16207938469.0
12142348200.0
16207862334.0
17858261773.0
16208608225.0
16205623392.0
16202825097.0
16206031981.0
16202872956.0
17852432602.0
17856582166.0
16207962355.0
18167538500.0
19132878008.0
16202411177.0
16206695205.0
16202856886.0
19134382708.0
18162838144.0
16206699663.0
13162217750.0
19135441700.0
18167535823.0
18164469316.0
13167965555.0
16202412660.0
13169438031.0
13167685674.0
18162869733.0
13167659263.0
16202823706.0
13162641080.0
13166915168.0
16206171534.0
19137888979.0
13166133640.0
18168656100.0
16202594045.0
19132991174.0
17856214905.0
19132992814.0
13163587688.0
18169129582.0
13169420006.0
19134996949.0
16207976431.0
19132991840.0
19134923693.0
13167215699.0
19134002497.0
17854043922.0
18168004185.0
16206656668.0
16206800667.0
17858237752.0
16206658374.0
16202820872.0
18168631695.0
16206698932.0
18167996248.0
19132855100.0
13165587587.0
19132327557.0
13165002657.0
13166872575.0
13167217755.0
16205000039.0
19133281707.0
13168036133.0
19136316593.0
17857427639.0
17853893261.0
16206557822.0
17852823331.0
16204782229.0
16205856601.0
16203483121.0
16208976224.0
17854832149.0
16206584615.0
16204665119.0
17858278271.0
17858202845.0
16205643464.0
18168004015.0
13162626116.0
19132810955.0
17857432157.0
17852631684.0
19132177888.0
19292452844.0
17852523407.0
16206806159.0
17854834480.0
19133213239.0
18167535156.0
16205259156.0
16208574326.0
19132790020.0
17857352821.0
16208379700.0
16202414430.0
19133216308.0
16206492554.0
19136028785.0
19137661386.0
17852223443.0
18166031817.0
16205661006.0
16206173225.0
16205643011.0
16205661079.0
16205643480.0
16206392102.0
16206655307.0
16205642227.0
15738081980.0
16205643110.0
16209001322.0
16207921951.0
16205642158.0
16207962223.0
16206174533.0
16205642255.0
16205642400.0
16205642141.0
16205643241.0
16203229550.0
16206170039.0
16204922390.0
16206626761.0
17854762852.0
13162025333.0
16203742270.0
16202075003.0
17852222736.0
17852272296.0
17857264513.0
18164251337.0
17853012761.0
13162625872.0
16205873370.0
18163816809.0
17853734125.0
17857385704.0
17857375166.0
16208601818.0
17854635537.0
17859145277.0
17852437774.0
17855982352.0
17855453450.0
16202410103.0
14156481227.0
18162213870.0
13162634110.0
16203432717.0
16204862322.0
18164835095.0
19132910078.0
17854836877.0
16205493425.0
18163817007.0
19135732466.0
17858679952.0
16202413403.0
18165950050.0
19133215142.0
17852632285.0
16207939461.0
16205642200.0
16207924226.0
16207924299.0
16207925910.0
17853353303.0
16207936388.0
16207925037.0
16207927399.0
17853783095.0
16204921638.0
16202825098.0
16205535022.0
16206657011.0
17857982741.0
17854553611.0
16208254223.0
16202275380.0
18165942356.0
16204657757.0
16206473231.0
16206593209.0
16202853866.0
18593036359.0
12706993704.0
12706993715.0
15024253441.0
12706999447.0
15027225558.0
12706993881.0
18593327715.0
12707954211.0
12707738659.0
12704698986.0
16063034754.0
12706921878.0
12703216044.0
18592451513.0
12706992787.0
18124249200.0
18593099682.0
18592460028.0
12704909108.0
12703214007.0
12703379206.0
12706926681.0
15024734001.0
15025895703.0
18594562019.0
18594251251.0
15028994940.0
18592698839.0
18593099938.0
12708729359.0
18596251328.0
15028225145.0
15026088749.0
18593364043.0
18595867744.0
12702744768.0
16066685917.0
12707733300.0
12706920408.0
15022752000.0
18597444503.0
12706923591.0
12705247967.0
12706926795.0
12703844671.0
12706923684.0
16066757200.0
18592625621.0
18594485323.0
12706921111.0
12706921168.0
12703214073.0
12707954010.0
12709724035.0
12708070770.0
18594816171.0
15027423032.0
12706992703.0
18664627284.0
18594916468.0
15027490007.0
12706920471.0
12704699927.0
18594816032.0
15024263002.0
12703214021.0
18592723493.0
12706924808.0
18592430407.0
12706921089.0
12706991692.0
18594814801.0
12703214028.0
18594312883.0
12706929413.0
15023483502.0
12706921981.0
12709402453.0
12706926798.0
12703212728.0
12706999004.0
12706923941.0
12706924556.0
18594818802.0
12706923139.0
18592527575.0
18593360560.0
15028686888.0
12707799272.0
12707592335.0
15025998270.0
17076310052.0
12706926071.0
18592859148.0
12703214332.0
12709400738.0
18593369964.0
12706924247.0
12707592106.0
12706924474.0
15026409611.0
12706992369.0
12706929109.0
12706992202.0
15028272938.0
12708868090.0
12706926747.0
15023531086.0
15023394740.0
12707890987.0
12709401818.0
18593369063.0
12706995087.0
12704021774.0
12709724558.0
15028631891.0
12703214499.0
15027324173.0
12706929500.0
18598736956.0
12704029745.0
18593367301.0
12705729275.0
15026626015.0
18593360901.0
18592175050.0
12706926407.0
12706921880.0
15022232261.0
18008595339.0
18593365936.0
12706926663.0
12706920668.0
12706992347.0
12706920202.0
12706929254.0
18592885200.0
12708494723.0
18593363075.0
18592813530.0
12706929003.0
15027164666.0
18596367347.0
12708497207.0
12706926078.0
12704027963.0
18599740028.0
18593363979.0
18594816001.0
12706992000.0
12706991244.0
12706921464.0
12706929547.0
12706929664.0
12706992755.0
12702830729.0
12706925822.0
18593367293.0
18594816200.0
12706991846.0
12707890802.0
12706924674.0
15022865092.0
12708285550.0
12705363212.0
18593752244.0
15022033573.0
18594886690.0
12708652123.0
15023670292.0
15023844926.0
18593369600.0
15023484479.0
16062352028.0
15023484930.0
12706923111.0
15023496477.0
18593322404.0
15022915171.0
18593327603.0
16063643549.0
18592720715.0
15023653942.0
15023483823.0
18596052074.0
12704654000.0
16064642554.0
15023612082.0
15022528448.0
18593369004.0
12702054334.0
15023492000.0
15027494012.0
18592219167.0
18598540248.0
18592150012.0
15027492030.0
12703252523.0
15023480549.0
16067875679.0
15023483770.0
15023509616.0
18598543232.0
15023480912.0
15028831451.0
18597554043.0
18592280168.0
18598148012.0
15026335477.0
14048296141.0
18597347043.0
16067672051.0
18592614301.0
15022230021.0
15023485662.0
12702834176.0
18592411093.0
15024166049.0
15025099108.0
12708620060.0
18592366301.0
15025848412.0
18596242274.0
15022238721.0
15023493093.0
15022909291.0
16067875686.0
18597344236.0
16067431200.0
18592389331.0
15023618500.0
15025426127.0
12704653805.0
15025015860.0
15023610333.0
15023486210.0
15023482556.0
15023664220.0
15028739881.0
18594592140.0
18592635279.0
15027744333.0
18125030150.0
12704650768.0
15026969249.0
15028755901.0
18598543466.0
12706992366.0
18593362080.0
15023492017.0
12703372762.0
12703373811.0
18598180229.0
15027424046.0
18592094198.0
16067562525.0
16067875397.0
15028780058.0
12707493310.0
16062770259.0
12702864483.0
15022557757.0
16063422075.0
12702836016.0
12704950297.0
16062560222.0
12702765014.0
18594911558.0
18592999295.0
12706789914.0
18593034210.0
16068559914.0
15022270879.0
16067878777.0
12702836000.0
12708285111.0
15025326376.0
15028636572.0
16065156443.0
17049722690.0
15028179070.0
18592553188.0
12708662156.0
18592002659.0
15023985119.0
18594146842.0
18593175511.0
18593588071.0
15027492077.0
18592601112.0
18592719797.0
12702159431.0
18595763683.0
16065289311.0
18592253810.0
15028971158.0
18596879643.0
18596282370.0
18596249631.0
18592639821.0
18595751863.0
18592873591.0
18596232526.0
18592522004.0
18595751118.0
18128008956.0
18596267857.0
16062513836.0
12704743015.0
12705804422.0
12702732020.0
16067683255.0
12705219000.0
16063743146.0
12704650300.0
16067878346.0
12702442279.0
18129692000.0
15026326510.0
16063557464.0
16063745000.0
16067872375.0
16063792910.0
18598731290.0
18595446005.0
16064393936.0
16064165142.0
18598237468.0
12705275290.0
16064362070.0
15024912291.0
18598245636.0
18595341938.0
12708667384.0
12706004656.0
18598246844.0
12704696240.0
18593600649.0
16062977557.0
12704025681.0
12702978249.0
12706924725.0
12706922169.0
12708678200.0
12706922749.0
15023797725.0
18596233248.0
12706922668.0
15023482223.0
15023482330.0
12706992228.0
15023484040.0
12703214168.0
15022540400.0
12706992646.0
18595594979.0
18592711349.0
12706999500.0
15022526378.0
18592682905.0
18593535087.0
18597371196.0
12704025977.0
18595757137.0
18596238561.0
12706920704.0
18593985947.0
18596234367.0
18593273017.0
18593535119.0
18593535316.0
18596232114.0
12706920337.0
12706994000.0
18593762192.0
18007287825.0
12702995228.0
18593588082.0
18592531798.0
18596242200.0
15028971497.0
18595531534.0
12702602726.0
12706993235.0
18596243739.0
18598935672.0
18596231570.0
18596304436.0
18595751313.0
13189223282.0
12257617228.0
15049303870.0
13182404843.0
13373083348.0
13377691553.0
15045221555.0
12254005199.0
12256388848.0
13185634795.0
12257612867.0
13184523230.0
13379153902.0
12257135033.0
15046790930.0
19858982022.0
15045229200.0
13183055477.0
13379843263.0
13182645662.0
13184848027.0
13376233434.0
15045863536.0
13189223771.0
13374571070.0
13183465005.0
15045611017.0
13186234033.0
13375856918.0
15047840900.0
13187861419.0
13183059802.0
12259265909.0
13189642773.0
12257259100.0
15044343588.0
13188763100.0
13376088483.0
13372901970.0
13373343255.0
13373852040.0
13186168673.0
13188762351.0
12256185122.0
13373315577.0
13187159471.0
13379999376.0
13373362618.0
15049486800.0
13185452003.0
15045394236.0
13189224115.0
13378269606.0
13183463883.0
13185000420.0
12256388006.0
15045816633.0
13186163367.0
13183462033.0
13376234711.0
13186131200.0
12257617293.0
13183466555.0
15043335329.0
13379488231.0
13189224122.0
15043213045.0
13182404216.0
13189412487.0
13188762326.0
12256276632.0
13182952001.0
13377810827.0
13189412469.0
12257664410.0
13379426969.0
13183462733.0
13188763136.0
12253642734.0
13183468040.0
13183464984.0
13373085414.0
13188762853.0
13183464492.0
13189642104.0
13378263280.0
13182955102.0
13183464614.0
12256374812.0
12256479383.0
12259252344.0
13187486200.0
15042180501.0
13374415386.0
13183466666.0
12254445635.0
13374841360.0
13374577887.0
12258927954.0
18884954957.0
13182535920.0
13182537347.0
12255083030.0
13379427592.0
13372356466.0
12259262639.0
13372668989.0
13378241152.0
12256033887.0
12253692002.0
13379810066.0
12253439641.0
13379813132.0
13378247001.0
13184879698.0
13374013833.0
12253551637.0
13372331801.0
13375146247.0
12259601961.0
12257575110.0
12257635889.0
13379423792.0
13375460208.0
13379841322.0
13372334067.0
13372951194.0
12259066933.0
13372708699.0
12257679207.0
12253432352.0
12257676101.0
13372830498.0
12257611170.0
12257577000.0
13374663892.0
12256649800.0
12256507208.0
13375729911.0
12257742203.0
13379848242.0
13376161490.0
12256633495.0
13375466456.0
13183055752.0
13373088714.0
12257690065.0
12257495021.0
13375062230.0
13184450154.0
13374075077.0
13184879737.0
12252303200.0
12259259552.0
18332472473.0
12256923090.0
13372794050.0
12259299626.0
13372504232.0
12258313030.0
12253207098.0
13372580610.0
12257666291.0
12256503463.0
13375656071.0
13373451813.0
13184282782.0
13185448644.0
12256654151.0
15047660847.0
13375852527.0
13372370176.0
13376394555.0
13373318709.0
13378738222.0
13375436760.0
12256839256.0
13184033275.0
15048358000.0
15047331800.0
15136861600.0
13189223134.0
15048850202.0
13183058227.0
13373288371.0
19855353107.0
13373820044.0
13187876339.0
13375016022.0
13373239794.0
13376623500.0
13189392111.0
13184736420.0
12257661200.0
13376281235.0
12257667111.0
13183462140.0
12252063266.0
13372246274.0
12252560657.0
13375856903.0
12256149131.0
12252615775.0
18887118084.0
13379489427.0
13376234294.0
13373055292.0
13189412341.0
12252965812.0
13372673005.0
12259272699.0
13374561932.0
12257722879.0
13184450827.0
13376280333.0
13184663715.0
13187876834.0
13188220006.0
13187934595.0
13189551323.0
15072888056.0
13187938643.0
13182406393.0
13187046588.0
12253805426.0
13185614270.0
13182537998.0
13184843610.0
13184423335.0
13183058728.0
12254922567.0
13183468111.0
13185978775.0
15044592461.0
13189642451.0
12256544040.0
12253791969.0
13184450658.0
13379905866.0
13189412130.0
13189853005.0
12256642052.0
13182997443.0
13184450081.0
12258066923.0
13183467914.0
13184428051.0
15045339037.0
13377873699.0
12254922441.0
12256482069.0
13187769410.0
13189852244.0
13378860938.0
13187381681.0
13184499046.0
13189412810.0
14098320498.0
13182539426.0
15048640057.0
12252720538.0
13182535812.0
13186401142.0
15048916670.0
13185002015.0
15049405696.0
12256425050.0
12256387528.0
13184739937.0
12259247757.0
15042647094.0
12259529441.0
12256953237.0
13184063042.0
13184764044.0
12256942117.0
14048296196.0
12254922293.0
12256354726.0
13186345401.0
13183469090.0
13185638400.0
13182535899.0
15049402992.0
12255671689.0
12252435994.0
13373839988.0
12252453572.0
13189852240.0
12252611095.0
12256341466.0
13187769256.0
12256981431.0
13182537444.0
12252452605.0
13187876358.0
13185415088.0
13186273264.0
12077234326.0
12078006449.0
12077234123.0
12079472205.0
16179658700.0
12073077679.0
12074396548.0
12078527799.0
12072796074.0
12076188166.0
19176718298.0
12078332313.0
19142883330.0
12074396822.0
12074392700.0
12076952142.0
12078277032.0
12072800817.0
12072535773.0
12077578984.0
12076953288.0
12079896783.0
12072884886.0
12076952104.0
12076950789.0
16172328900.0
12073431198.0
12078487699.0
12073077703.0
12076682781.0
12075282626.0
12079924140.0
12077324259.0
12077612131.0
12075635339.0
12077382171.0
12072535048.0
12075811112.0
12074746231.0
12075811728.0
12078272120.0
12078282063.0
12079565948.0
12073700714.0
12075527772.0
12079477334.0
12075785027.0
12077755431.0
12072456610.0
12078836644.0
12076461566.0
12077753911.0
12077942013.0
12072532551.0
12077744515.0
12075713023.0
12076187976.0
12075528585.0
12077753499.0
12077737695.0
12076192626.0
12077442099.0
12074678090.0
12077809956.0
12077912724.0
12079100373.0
12075189069.0
12077465336.0
12072624010.0
12075361823.0
12077757125.0
12074516094.0
12075412671.0
12075522090.0
12077722199.0
12076073708.0
12075528598.0
12075770434.0
12073477464.0
12077478152.0
12073077261.0
12075528587.0
12076994285.0
12077731274.0
12078019346.0
12074201800.0
18554667467.0
12075367062.0
18663290639.0
12077610232.0
12079893187.0
12072628777.0
12072363943.0
12079470792.0
12074120038.0
12074667779.0
12077474153.0
12075446274.0
12074669192.0
12075966156.0
12073072033.0
12079479130.0
12074178010.0
12076135611.0
12075412691.0
12073912181.0
12079422752.0
12078452007.0
12079973800.0
12076336666.0
12079670028.0
12078332400.0
12074452511.0
12075495490.0
12078482700.0
12074539812.0
12074669046.0
12073598359.0
12075375000.0
12075253300.0
12077634411.0
12075845805.0
12079482428.0
12072884600.0
12073592125.0
12075734021.0
12072556581.0
12076634461.0
12074999999.0
12073984172.0
12077257794.0
12074994292.0
12073425577.0
12079430999.0
12075282457.0
12076676644.0
12073711856.0
12079075406.0
12076724361.0
12079384876.0
12076646100.0
12072462300.0
12073635383.0
12075473757.0
12076836055.0
12073271188.0
12075827200.0
12073272228.0
12078436422.0
12076685451.0
12075384425.0
12077965027.0
12079246996.0
12072773252.0
12072963100.0
12075361426.0
12077239332.0
12079567014.0
12073057727.0
12072763225.0
12077672577.0
12078483624.0
12077738000.0
12078542111.0
12073944572.0
12077997080.0
12079298877.0
12077737909.0
12078396201.0
12078847137.0
12079902406.0
12073077111.0
12079246286.0
12075364051.0
12078277553.0
12078280863.0
12076953488.0
12077721838.0
12077733656.0
12079428355.0
12077610605.0
12078482440.0
12078824101.0
12077734299.0
12075731165.0
12078272885.0
12076372802.0
12076543341.0
12078430304.0
12077995307.0
12072868771.0
12073424141.0
12079892734.0
12078435968.0
12078277464.0
12077755260.0
12073539400.0
12078480892.0
12079479984.0
12077382558.0
12076522277.0
12075340204.0
12077325333.0
12077463411.0
12073268606.0
12078654952.0
12077236124.0
12079853259.0
12078088104.0
12075886340.0
12077243960.0
12075463422.0
12076850065.0
12078242121.0
12077789111.0
12077648547.0
12078051599.0
12072477668.0
12074352202.0
12072532523.0
12079875423.0
12072946322.0
12078482225.0
12072652208.0
12078850290.0
12075436788.0
12073682230.0
12078664911.0
12079373252.0
12078661163.0
12077534390.0
12078667710.0
12075078412.0
12077943070.0
12078684077.0
12077325274.0
12078437155.0
12072530325.0
12079477338.0
12078276100.0
12074372222.0
12079477779.0
12072824498.0
12077814404.0
12073749290.0
14107512050.0
14108487690.0
14108717200.0
16673143297.0
14108712498.0
13017900300.0
14105405100.0
14108766906.0
14107517077.0
17173210253.0
14104030964.0
14108713278.0
13015673880.0
15713821276.0
14108570300.0
14108481200.0
12027743200.0
14108486180.0
14107516660.0
14103214905.0
14103349200.0
14105836600.0
14105231535.0
12403605110.0
14108573817.0
14102665432.0
18772657417.0
14109317101.0
14108579835.0
14106395050.0
14436057300.0
14108486786.0
14105261011.0
14108278699.0
16673143295.0
14432448300.0
14107303300.0
14108482717.0
13015891091.0
13014696000.0
14108332835.0
14108407794.0
14108333325.0
14434390189.0
14108577601.0
14432018203.0
14103192233.0
14105262003.0
14102651110.0
16672257244.0
14108579195.0
12404050816.0
14103233066.0
14432898832.0
14105285419.0
14103211852.0
14105949700.0
14438217785.0
14433286412.0
14102967842.0
12404229400.0
14108484129.0
14439613972.0
13018078851.0
14108711430.0
14432514418.0
14436901566.0
14439748640.0
16673144478.0
14108014922.0
14108766227.0
14109883028.0
14108575873.0
14105265908.0
14437374610.0
14435853398.0
14105171200.0
14106690600.0
14106857820.0
14434542734.0
14103035507.0
14107517851.0
14103998952.0
14432480121.0
14102960230.0
14105262220.0
14103272222.0
14107965089.0
13018470440.0
16678020627.0
14105809412.0
14108767729.0
14439014766.0
14439302793.0
14103868000.0
14105232323.0
14108763200.0
14435482795.0
13018500009.0
14108764638.0
14108571959.0
14102441114.0
14108862777.0
14108767425.0
14106410880.0
14103973123.0
14103308810.0
14107020636.0
14107015104.0
13012454619.0
13017433562.0
14434879030.0
14434526734.0
13018349815.0
14105173033.0
14108618422.0
14432011985.0
14108337826.0
13018944585.0
14108718877.0
14108277700.0
14108333100.0
14104532127.0
13014140400.0
14108480400.0
13019949622.0
14108570824.0
14108489005.0
14108484200.0
16673672101.0
14108573579.0
14108331875.0
14103860936.0
16673144842.0
14108760039.0
14108758173.0
14108483490.0
14108711009.0
13013622220.0
14434385339.0
16673096941.0
14438510504.0
14108762497.0
14108769977.0
16673144412.0
13014596747.0
14102390822.0
13017362378.0
14108618100.0
14108480405.0
14106644240.0
14107026232.0
14106641264.0
12029343685.0
16672064198.0
14432898881.0
14106092530.0
14434373464.0
12025280794.0
14102441242.0
14105687644.0
14103216792.0
14108718831.0
14108330201.0
14103568370.0
14105491014.0
14108713430.0
14106614504.0
14108018905.0
14105396574.0
14106619101.0
14103565820.0
14438700048.0
14108484603.0
14435082570.0
14103749099.0
14103192234.0
14107515200.0
14108487447.0
14439094856.0
14436055813.0
14432015000.0
14102399477.0
14108621900.0
14434875970.0
14108487490.0
12407032513.0
14108570008.0
14107517290.0
14103740885.0
14103860322.0
14108616120.0
12405562383.0
14108763141.0
14108484790.0
14105497744.0
12403333600.0
14105497707.0
14107956536.0
14107952848.0
14103192236.0
14105265115.0
14108659305.0
14433757138.0
14106096625.0
14109706437.0
14105495400.0
14108720570.0
12409319803.0
14439748338.0
14433007539.0
14108331796.0
14105171240.0
14104426788.0
14105491224.0
14435381256.0
14108783334.0
14433988967.0
14104538571.0
14107952746.0
18007833373.0
14105525107.0
14105285304.0
14109841035.0
14107951621.0
14109692257.0
14108714180.0
14439090654.0
14108719080.0
14438814176.0
14105525111.0
14109484224.0
13012840361.0
14432733273.0
12022864455.0
14437631918.0
14439330635.0
14103637500.0
14432775308.0
14104139812.0
14108335599.0
13015792888.0
14434057140.0
12405432091.0
12405717229.0
14108758172.0
14109021400.0
14105267410.0
14108335427.0
14108336610.0
14105170204.0
14437127504.0
14108332791.0
14104295250.0
14437448915.0
14108339400.0
14435366295.0
14434875300.0
14106352011.0
14108485541.0
14105260140.0
14108752251.0
12272269752.0
14106358901.0
15088866088.0
19783550300.0
19783556999.0
15084250251.0
19782578107.0
19783559863.0
19783550180.0
15088394898.0
19783552125.0
15088829545.0
15086554800.0
19782578090.0
15088677193.0
17742340033.0
16107471200.0
19783554940.0
19782570250.0
15088869000.0
17742346610.0
15088649307.0
18002694307.0
14134771234.0
15088866766.0
15088267948.0
19783680227.0
15088862439.0
12015713500.0
15087542340.0
15088823336.0
15088674510.0
19783556496.0
19782578391.0
19783556343.0
16173505232.0
15083840600.0
12075528589.0
18573002300.0
17742764400.0
16175230651.0
18554864756.0
16174976677.0
15085813002.0
16172360088.0
17812290014.0
15083512903.0
15084213961.0
17812620901.0
17742618033.0
15085959068.0
13392040260.0
19783553411.0
15084813458.0
16178765230.0
16174267801.0
16174845525.0
17744379192.0
17744182693.0
15088295186.0
18572770420.0
15088299993.0
16178635936.0
16176293680.0
16177200010.0
19784408119.0
15087308585.0
14139676721.0
17814832575.0
15088358883.0
15088323811.0
16173386205.0
16177377840.0
19784300062.0
19787240000.0
17818348443.0
14132683036.0
14138350966.0
14134621104.0
19788382459.0
15087430300.0
17742340173.0
15088860284.0
19784642048.0
16173312822.0
17816413560.0
16174249673.0
16174925940.0
15083041098.0
17816471333.0
19785625320.0
17816419559.0
19789285400.0
19789281300.0
17744153957.0
15088862992.0
17818631800.0
17749220210.0
15088863058.0
19784642712.0
16033137679.0
15088299270.0
16176199977.0
15088867775.0
15088731434.0
19787296372.0
16177632007.0
18572456156.0
19788741705.0
19788201353.0
17818373995.0
19782492885.0
19786329912.0
19789285038.0
17745351147.0
15088493461.0
18604701976.0
17742455367.0
15082100333.0
15088542590.0
15087526892.0
15088864401.0
15087559327.0
15087544235.0
19783552119.0
19897737515.0
19897750333.0
19895467200.0
19895463579.0
19897722718.0
19897734640.0
19897721430.0
19897734550.0
19895720607.0
19897725464.0
19895062823.0
19892642510.0
19897725095.0
19897728898.0
19897790317.0
19895442453.0
19897722310.0
18107974726.0
19895842020.0
19897723896.0
12313282141.0
15866487055.0
19892241929.0
19896442243.0
19897726048.0
19897732990.0
19897731122.0
19897726228.0
19897722751.0
19897729110.0
19897752129.0
19897724237.0
19897755800.0
19897755011.0
19897737853.0
19897730043.0
19894335402.0
19896246226.0
19893874693.0
19897730218.0
19893170602.0
19895720400.0
17345957445.0
13138337795.0
17346638611.0
15866906808.0
19893300789.0
13134742677.0
15173243434.0
19894332951.0
19894338028.0
19893341730.0
19897758303.0
19899986360.0
19898285000.0
19894886914.0
19895466846.0
19894445115.0
19893173500.0
19896071935.0
19893173331.0
19893170281.0
19893170313.0
19897733145.0
19897753315.0
19897734884.0
19897730777.0
19897734985.0
19897727991.0
19897736848.0
19897736448.0
19897736025.0
19897726300.0
19892890155.0
19894084800.0
19897747493.0
19899339333.0
19893414803.0
19897721990.0
19893170290.0
12485890100.0
19897739000.0
19897732824.0
19892851047.0
19897725513.0
13138311274.0
19895467666.0
13138026867.0
19895672114.0
16169842664.0
12699451848.0
19898284073.0
19898285516.0
19894621246.0
19895720608.0
19897792666.0
12484545000.0
12488165470.0
19898579032.0
19898544331.0
13129153916.0
17347619550.0
13138319146.0
19897739991.0
19897756100.0
16615203794.0
19897736830.0
18778735307.0
19897755777.0
19897721415.0
19897732713.0
12313975041.0
12315267661.0
16168789412.0
19893172078.0
19898323491.0
19896812208.0
19898337311.0
19894659331.0
19895886851.0
19897734725.0
13139652432.0
19893285005.0
19894635272.0
19897798554.0
19894656567.0
19896872120.0
19893869611.0
13138889941.0
19898662400.0
19898353641.0
19892685280.0
19898423040.0
19893341166.0
19899673414.0
19898318766.0
16168925000.0
19896874040.0
19895886189.0
19893653824.0
19897724292.0
13133947025.0
19894631118.0
19899673318.0
19898337100.0
15176812821.0
19894357720.0
19899467199.0
19898423059.0
15177689006.0
19898356298.0
12319728876.0
17347216363.0
17347211782.0
19896812926.0
13135820932.0
15175884161.0
13138333778.0
19895889527.0
19893170404.0
19897738464.0
19893178316.0
19897722008.0
19897739544.0
19893170508.0
19893170282.0
19897758536.0
19897724326.0
19897720566.0
19892574463.0
12318675619.0
18103598900.0
12318942164.0
19897724700.0
19895720082.0
19897721945.0
19897720291.0
19897758098.0
19897745755.0
19899531031.0
19894246326.0
19893170029.0
19897722914.0
12484715620.0
13139246345.0
13138647979.0
19894352810.0
16169902591.0
13134411236.0
19897739888.0
19897735563.0
19893173700.0
19897733400.0
19894667444.0
19895672090.0
15175928027.0
19897727247.0
19897733636.0
19894865899.0
12697673183.0
19898285100.0
12483362030.0
19897732457.0
19893174620.0
19897734114.0
19894928280.0
19895467351.0
19893390924.0
19897726231.0
19894335900.0
19897722332.0
19897735990.0
19897721214.0
19897799997.0
19897731711.0
19897720398.0
19893173456.0
19897732145.0
19897720262.0
17634971911.0
19528549100.0
13206390155.0
19526586551.0
19528838800.0
13206323136.0
15074554111.0
19522522801.0
13207742460.0
13205470046.0
13202234008.0
16127266294.0
19529257885.0
13207492404.0
13205472247.0
13207635135.0
13207492420.0
19528832121.0
19528543131.0
19522367492.0
19529357131.0
19524467836.0
16128231270.0
16512240353.0
17635015452.0
16123186422.0
13206323517.0
19528883333.0
19522197744.0
16123380085.0
13207492355.0
13205472311.0
19528541493.0
19528589599.0
13207636363.0
16123534966.0
16518087663.0
16124392652.0
19528843561.0
16122555201.0
16512431722.0
16514149698.0
16123152149.0
16124601646.0
13207633313.0
17639108213.0
16128728448.0
19524752684.0
16127465329.0
16124516131.0
17634890037.0
16515644500.0
16516366100.0
17635469955.0
17156411492.0
17635036999.0
13206325479.0
13202196699.0
13202197880.0
16126362208.0
13205333005.0
19529080512.0
16514332445.0
12185470686.0
13208570055.0
12184965855.0
13207432791.0
12184562148.0
12187653050.0
16123719202.0
16123322221.0
13205472492.0
13202532648.0
16127271777.0
16128004036.0
16127894121.0
13206326655.0
13202813351.0
16513136946.0
16122598995.0
16127679147.0
13206851270.0
13203989501.0
16123391408.0
16517865591.0
13202852336.0
16123792639.0
13205845140.0
13207452281.0
16129651165.0
13207492721.0
12188924627.0
12186525150.0
16122757153.0
16129009663.0
13206768295.0
16122682121.0
12186560160.0
13206321780.0
13206303671.0
13207324162.0
13207492736.0
12189638715.0
13205940020.0
13202520143.0
13203567878.0
13205472241.0
13206322367.0
13204123081.0
13206322821.0
13207492345.0
16122023217.0
13206392232.0
13204123580.0
13206390006.0
13206329240.0
13206392453.0
12188292367.0
13207326195.0
16125679453.0
13206323330.0
16128277317.0
13208375054.0
13206322899.0
12188242007.0
16127229665.0
16125222495.0
16128229134.0
16123328443.0
16129290898.0
16128662133.0
13206322637.0
13207322535.0
16123770404.0
16123311830.0
16122005905.0
13205845603.0
16128251433.0
13205472455.0
13205473063.0
13205472339.0
13205472465.0
13205735050.0
12188385742.0
13206328035.0
13202852196.0
13203608285.0
13206310050.0
13206321910.0
13203526162.0
13207326202.0
13202852000.0
13208460700.0
13206323664.0
18552673003.0
13205732100.0
13205732607.0
13203606530.0
13205845136.0
13206310056.0
14108561812.0
16124448850.0
13205995117.0
13203526808.0
13204953394.0
13203020121.0
15072494600.0
16125229151.0
16123783978.0
19529201041.0
16122859164.0
13202512170.0
15078752693.0
16128677863.0
16122581150.0
16127572977.0
19528510741.0
16127897411.0
13205330843.0
16513319006.0
19528542006.0
12189632647.0
19524916935.0
16129268238.0
13208461100.0
13204246200.0
16124290894.0
16126012416.0
13204682999.0
12189637955.0
19528589150.0
19528549446.0
19522069287.0
12182379090.0
13202328434.0
16516049390.0
16126824371.0
13202511625.0
19528589363.0
16126696210.0
12188299330.0
12189611985.0
12189612080.0
12188291593.0
13202293818.0
16126444034.0
12184541570.0
16125211981.0
12188642601.0
13207604404.0
19528541818.0
12188955220.0
13202537193.0
13207622621.0
16124577389.0
12189610101.0
13207334480.0
16517283661.0
12188284744.0
13202934456.0
16126054493.0
16122172695.0
13206930019.0
17699723000.0
16627364055.0
16625168287.0
16622892734.0
16622892141.0
16625168603.0
16019825861.0
16014160535.0
16622733462.0
16622891846.0
16622896551.0
16622892827.0
12283883424.0
18004264713.0
16015190900.0
16625168140.0
16622893741.0
16019362154.0
19188041003.0
16622896401.0
16625165945.0
16622675946.0
16016565351.0
16622894008.0
16622895858.0
16012613032.0
16626533003.0
16019397286.0
16014699968.0
16628446255.0
16019364484.0
16016561288.0
16019823433.0
16012673114.0
16018042288.0
12282844150.0
16019576050.0
16018597290.0
16014079263.0
16018531565.0
16018592150.0
16016501899.0
16018594474.0
16016562651.0
16622634949.0
16624732999.0
16016321884.0
16016773555.0
12284755999.0
16012532143.0
16019893471.0
16623874721.0
16622892651.0
16018254549.0
16622893241.0
16015373399.0
16016564508.0
16015681221.0
16015681083.0
16018475299.0
12282243886.0
16625476938.0
16018339737.0
16623740506.0
16626392550.0
16626274837.0
16016353430.0
16623267232.0
16626334576.0
16622569695.0
16622896351.0
16014373661.0
16628343495.0
16015363944.0
17697577070.0
16017758849.0
16624726274.0
16626740953.0
16624729764.0
16016549203.0
16622896000.0
16623504931.0
16018644096.0
16626533932.0
12283742292.0
16014876381.0
16018599370.0
16016509393.0
16014693672.0
16622688291.0
16016051551.0
16014828788.0
16626536864.0
16018534000.0
16628745250.0
16015685222.0
16624722959.0
16019692898.0
16017181813.0
17692411985.0
16016565056.0
12288619506.0
16626103515.0
16017181801.0
16623207320.0
16017077505.0
16015099033.0
12283467092.0
16014076144.0
16012078058.0
16018538960.0
16622633021.0
16019770188.0
16016833173.0
16017322004.0
16012676311.0
16018537060.0
16622624265.0
16627461144.0
16624532752.0
16018562866.0
16012674545.0
16623561582.0
16628368074.0
16015094527.0
16624530540.0
16012679400.0
16017745591.0
16017323943.0
16622893823.0
16622895717.0
16016915939.0
16624729887.0
16017074677.0
16012678813.0
16012679229.0
16016566221.0
16017649870.0
16622892724.0
16018572127.0
16015877038.0
16013540990.0
12282064401.0
16017322525.0
12282144100.0
12282065858.0
16018596700.0
18444001035.0
16622627677.0
16019666451.0
16016566088.0
16623740050.0
16623331374.0
16629883181.0
19015720415.0
16622908614.0
16625628440.0
16018291703.0
16018594362.0
16016561671.0
16014076061.0
16012678238.0
16622240200.0
12289180584.0
12288311118.0
16622940835.0
16622859037.0
16625671237.0
12288707333.0
16627423480.0
16628909216.0
16016673087.0
16628340101.0
16012532221.0
16015912760.0
12283656142.0
17692576231.0
16019391451.0
16015942315.0
16627050630.0
16625165710.0
16017907535.0
15736424742.0
16608492424.0
15737962512.0
15733482065.0
16608415276.0
14173364300.0
15737823232.0
15738827611.0
16604275509.0
16608492233.0
15734422701.0
15738172955.0
15736069366.0
15733784395.0
15736161390.0
14172393002.0
15734465500.0
15734458459.0
15737962133.0
15738934497.0
15734459433.0
15735843650.0
15734426397.0
15732565307.0
15734763987.0
15733077321.0
15734493320.0
15736342642.0
15734458823.0
15738178100.0
15732342300.0
15734454008.0
15734451151.0
15738933114.0
15733810559.0
15734452422.0
18164488338.0
15735572272.0
15732543311.0
15736982282.0
16608416088.0
16604586386.0
16604632270.0
16607282443.0
18334872687.0
16604332865.0
15737895924.0
15735843324.0
14178212344.0
15737793907.0
15732382475.0
15733031867.0
16366787087.0
15736358834.0
16604339941.0
15738933278.0
16608829120.0
16606728550.0
15732346603.0
16608827770.0
15736892999.0
15736350335.0
16603664810.0
15736350013.0
15737823546.0
15734436114.0
15737963200.0
15734986326.0
16608828473.0
15734423430.0
15732560114.0
15736344128.0
15733656989.0
15734453313.0
15734742126.0
15736368686.0
15737963808.0
15733725729.0
15738233678.0
15734428465.0
15734450042.0
15734420211.0
16608415088.0
15732686394.0
15736805531.0
18168336505.0
15734894536.0
15732134945.0
16605373541.0
16608492525.0
15733786898.0
15732561188.0
15734457001.0
15734425225.0
15734423527.0
14177595220.0
15734427984.0
15738758724.0
15736365636.0
15738869419.0
15734454803.0
15734429291.0
15734472453.0
15738768600.0
16608829426.0
15737771234.0
15734432786.0
15734895701.0
15734455841.0
15733560867.0
15734434438.0
15734450990.0
15734462668.0
15734459511.0
15734453960.0
15733641611.0
14178837777.0
15737336633.0
15733030352.0
14173686401.0
16367257006.0
15732341414.0
15734493010.0
15734458060.0
15737789000.0
16606197395.0
14175327467.0
14175884438.0
13143704111.0
12352193924.0
16363902900.0
15734453571.0
15735507323.0
15737962333.0
16608826302.0
15737963103.0
14178850007.0
14175329350.0
15734456009.0
16606728500.0
18167816234.0
16608415700.0
15737460652.0
14174511144.0
15732672233.0
15734473044.0
15734454298.0
15733563571.0
15734490815.0
16602210352.0
15732342777.0
16608827422.0
14173469353.0
15734424050.0
15734462800.0
15737773978.0
16365159651.0
15732688819.0
15734469199.0
16364824050.0
18887552840.0
16608825359.0
15734457768.0
15736457707.0
15737962363.0
15738934475.0
15733382058.0
15732849662.0
14175018920.0
15732975466.0
15736427044.0
16366867188.0
15735566314.0
15734457335.0
13143953653.0
15734460511.0
15737963982.0
16363870257.0
16369702610.0
15736570432.0
15736354545.0
16602983193.0
16604332113.0
16604332626.0
14173455100.0
15737645559.0
15738608747.0
15732567118.0
16608823215.0
15733245251.0
14065864565.0
14068412757.0
14064931588.0
14066025919.0
14064055061.0
14066563398.0
14068487011.0
14069949350.0
16197800101.0
14063334434.0
14067515052.0
14069326073.0
14062244166.0
14063632251.0
14065170981.0
14062260488.0
14064002790.0
14065576144.0
14069953097.0
14069953490.0
14064542263.0
14064537666.0
14064282366.0
14065863451.0
14065772957.0
14062289256.0
14065794055.0
14062347878.0
14067232176.0
14063482649.0
14065870021.0
14065856800.0
14065872153.0
14065868466.0
14065824401.0
14065850608.0
14065954305.0
14064041551.0
14065772699.0
14069263424.0
14066246497.0
14069222213.0
14062193552.0
14068906898.0
18664665268.0
14065021686.0
14067325530.0
14064295571.0
14068382371.0
14062265582.0
14069326875.0
14066652078.0
17165150871.0
14065782533.0
14063637236.0
14067457200.0
14062269227.0
14068462684.0
14062365384.0
14064345076.0
14062354111.0
14068284400.0
14064430150.0
14065893052.0
14068564156.0
14063532335.0
14062221395.0
14067413200.0
14069954636.0
14066845070.0
14068224837.0
14069325349.0
14064926391.0
14023325650.0
13083383520.0
13082369798.0
14024989660.0
14024643196.0
14025059773.0
14025370046.0
14029045700.0
14027346721.0
14023900890.0
13086973308.0
14023933107.0
16053511385.0
14026946121.0
14025064376.0
14029997694.0
14022530887.0
13085632330.0
14023323944.0
13086682251.0
13085397401.0
14022095952.0
14026978899.0
14023210803.0
18006251400.0
14024723471.0
14027593813.0
14025578127.0
14023133335.0
14026010255.0
14025947061.0
14024523051.0
15312133608.0
14023031985.0
14025570956.0
14023971505.0
14028817686.0
13086753003.0
14022017968.0
15312132705.0
14023422972.0
14023326420.0
14029323229.0
14023787176.0
14023325453.0
14022550058.0
14023454811.0
13086368357.0
14023322808.0
14023323750.0
14023792277.0
13087307986.0
14022811177.0
14026433762.0
14025025080.0
14024966556.0
15312132998.0
14022561500.0
13089954520.0
14023323699.0
14026144331.0
14024914000.0
13083464810.0
14025714999.0
13085342283.0
13086753001.0
14023325159.0
13082246787.0
13084558244.0
14025576100.0
13083843629.0
13088728393.0
14025099099.0
13082019029.0
14029220055.0
13083453590.0
13086244157.0
14023911750.0
13082380463.0
13082216705.0
14025164337.0
13085343477.0
13083249915.0
14025024274.0
14023325035.0
14023912376.0
13082362093.0
13083958821.0
14028675309.0
14027348896.0
14022102867.0
14023585699.0
14023424482.0
13085274221.0
14028737541.0
14023450256.0
14025519849.0
14024969586.0
14023411651.0
14026783477.0
14026099343.0
13086532141.0
14029161886.0
14027987731.0
14028737943.0
14024221058.0
14024934111.0
13085273723.0
14024952307.0
13084723421.0
13089426202.0
14024534065.0
14027722254.0
14024511058.0
14027962555.0
14023412900.0
14029472133.0
14027427417.0
14025510173.0
13083883838.0
13087467475.0
14023324405.0
14024774417.0
14023583711.0
14024762455.0
14023200168.0
14023453570.0
14023787520.0
13082702206.0
15314843677.0
14028473368.0
13083264630.0
14026243455.0
14022745455.0
14024825611.0
14029932304.0
13087492263.0
13084890110.0
14027910222.0
13087283555.0
13086362636.0
13087451652.0
14028573475.0
14022245395.0
14023794500.0
14029046700.0
14023411308.0
14026433229.0
14023794012.0
14024552772.0
14026352195.0
14025168379.0
14023466457.0
13088564330.0
15313755723.0
14025535932.0
14029443552.0
15317212822.0
14027987722.0
14029329211.0
14026523444.0
14023330890.0
14024825944.0
14028736066.0
14023412713.0
14023440268.0
14025151970.0
14024779892.0
14027336671.0
14022827279.0
14028374259.0
14028264799.0
14025823751.0
14025862859.0
14023931318.0
14026436214.0
14025057379.0
13088723441.0
14024514042.0
14025059522.0
13089351505.0
14023717228.0
13088726842.0
13086876487.0
14025640167.0
14024625569.0
14024514912.0
14028456868.0
14025560202.0
14026140344.0
14025567430.0
15315002164.0
13085327480.0
14023448846.0
14022921577.0
14029945755.0
14029904472.0
14025785051.0
14024757502.0
14026948720.0
13088704548.0
14028733937.0
14025672269.0
13083257287.0
3421516496.0
14023975759.0
13085322276.0
14029336510.0
14023922661.0
14025097339.0
14023975623.0
14023916425.0
14023937602.0
14023305891.0
14029383190.0
14029630141.0
14025039632.0
14025755858.0
13088723124.0
13083674414.0
13085328081.0
13084748018.0
13088364400.0
14026682622.0
13086476911.0
14027614773.0
14023952028.0
13084863251.0
13083464705.0
14024472233.0
14027357351.0
13088482514.0
14029252915.0
14025602943.0
14028251240.0
13087896500.0
13087642500.0
13082657691.0
14022624220.0
13087622666.0
14029470019.0
13088726655.0
14029936555.0
14024972440.0
14022617325.0
13088564464.0
15134561200.0
14028192780.0
14025099620.0
15306877778.0
17758701700.0
17757466878.0
17028660703.0
17756266565.0
17758822600.0
17022021154.0
17754445463.0
17752663200.0
17028652758.0
17753721500.0
17753761115.0
17757292144.0
17754687770.0
17752347323.0
17022020565.0
17023330927.0
17023330363.0
17023804259.0
17027847000.0
17758278450.0
17023857359.0
17753326220.0
17028965599.0
17758294100.0
17027344511.0
17027313636.0
17758268333.0
17758521790.0
17753591851.0
17758239339.0
18057819100.0
17757878100.0
17754203986.0
17758524444.0
17022284783.0
17753841044.0
17758523080.0
17753299107.0
17023410563.0
17023831111.0
17753580841.0
17029332791.0
17026658888.0
17024911685.0
17757861128.0
17753580870.0
17758250554.0
17752658600.0
18005183064.0
17757385816.0
17024761400.0
17753351055.0
17023963333.0
17759641346.0
17756353000.0
17758477551.0
17754617416.0
17753528787.0
17758282646.0
17754829996.0
17755532100.0
17753374600.0
17758521162.0
17755751381.0
17753598200.0
17753223610.0
17753564400.0
17026323650.0
17758537884.0
17753586444.0
17756228027.0
17753727790.0
17752849200.0
17754094020.0
17756355424.0
17024152300.0
17752034025.0
17758289800.0
17752675151.0
17752375715.0
17757475267.0
17758537606.0
17758411006.0
17755371400.0
17758291858.0
17759642579.0
17752940190.0
17756253777.0
17752643474.0
17756268300.0
17755622143.0
17752968423.0
17756268830.0
17755457871.0
17026767000.0
17755754832.0
17757860270.0
17755523436.0
17758527978.0
17758297717.0
17029062206.0
17022142066.0
17758812503.0
17758266004.0
17757786778.0
17023961863.0
17756367838.0
17757382666.0
17758284050.0
17758534250.0
17023820648.0
17756823800.0
17753225865.0
17022722312.0
17024747222.0
17029701441.0
17752173014.0
17023717877.0
15302659666.0
17027315111.0
17759003733.0
17024072414.0
17752412700.0
17757552321.0
17753773500.0
17757253545.0
15152033100.0
17755779333.0
17607862345.0
17023829903.0
17752672265.0
17753725515.0
17753721118.0
17755723200.0
17753772632.0
17755570295.0
17757284454.0
15304952911.0
17757253341.0
17605891591.0
17757263386.0
17757534800.0
17758834097.0
17756232405.0
17025867617.0
17757542163.0
17755539948.0
17753246133.0
17753507092.0
17753235150.0
17753923308.0
17756258200.0
17757523215.0
17027201804.0
17026617213.0
17026617212.0
17026757878.0
17024527703.0
17026491600.0
18552859595.0
17757516780.0
17022422202.0
17025589044.0
17024342409.0
17025648595.0
17756252800.0
17756352406.0
17756352677.0
17753237005.0
17252221021.0
17252317375.0
17753579457.0
17022702889.0
17023889130.0
17757815538.0
17753312700.0
14176675759.0
17023617479.0
17752970608.0
17753220110.0
17028546229.0
17758266744.0
17753581378.0
17753529289.0
17753606360.0
17027331566.0
17024330044.0
17758288050.0
17029973673.0
17027332008.0
17753320374.0
17022630528.0
17753587871.0
17028709182.0
17753831568.0
17758001069.0
17758292255.0
17754823115.0
17253002523.0
17758528584.0
17024582179.0
17022329792.0
17758255066.0
17022471268.0
17758250666.0
18006386464.0
17023991895.0
17757864669.0
17252250665.0
17024761990.0
17026488492.0
17753569770.0
17756252622.0
17022545255.0
17752194612.0
17758257171.0
17757537921.0
17753581479.0
17757384025.0
17758272700.0
17756266568.0
17023313669.0
17026494699.0
17758849191.0
17757537000.0
17758417081.0
17754531496.0
17757905124.0
17757386865.0
17027301946.0
17758843330.0
17754191007.0
17752844350.0
17758537800.0
17023674779.0
17757381816.0
17758254448.0
17752426670.0
17753569966.0
17753247776.0
17752601527.0
17753313852.0
17752676867.0
17754321004.0
17758289631.0
17752465216.0
18002382463.0
17756299640.0
17753753030.0
17757512263.0
17754233888.0
17027638453.0
17752669100.0
17758261621.0
17758828746.0
17757389248.0
17758239918.0
17022599435.0
17026704450.0
17753568949.0
17756232577.0
17753566666.0
17755539815.0
17757830017.0
17754826791.0
17756228641.0
17758528023.0
17023580427.0
17757381114.0
17752893444.0
17756824400.0
17754305890.0
17754101529.0
17022668049.0
17753449996.0
17024338277.0
17026509997.0
17028931126.0
17755740467.0
17752892383.0
17027322358.0
17753426405.0
17027307067.0
17752965047.0
17028642602.0
17029304996.0
17028760380.0
17028980145.0
17027986400.0
17023866724.0
17029428321.0
17028731453.0
17023830510.0
17027603401.0
17753222855.0
17023308075.0
17758672580.0
17027210284.0
17757552819.0
18174714069.0
17027988697.0
17753235505.0
17028761471.0
17023648899.0
17753167002.0
17023599982.0
17753550506.0
18885345264.0
17756232447.0
17758842100.0
17758841660.0
17029543979.0
17022688105.0
17758412220.0
17753227073.0
17754427263.0
17758529253.0
17758826199.0
17028713749.0
17027320386.0
17758251663.0
17022930819.0
17028701198.0
17757284461.0
17025389857.0
17759901636.0
17027365937.0
17022609261.0
17023994470.0
17253326494.0
17027503570.0
17026580001.0
17027348604.0
17023615348.0
17023618183.0
17755154211.0
17029021800.0
17759315201.0
17022242688.0
17028546210.0
17022428240.0
17024052701.0
17758508900.0
17024350031.0
17252253007.0
17756777900.0
17027337182.0
17022687363.0
17025086690.0
17753296502.0
17027330114.0
16037290122.0
16032867880.0
16034552784.0
16039344508.0
16032864881.0
16032863150.0
16032869466.0
16036717028.0
18886679636.0
16037448806.0
16037290039.0
16032861208.0
16033666250.0
16032867962.0
16032867071.0
16032864032.0
16032863675.0
16037293142.0
16032869401.0
16032665030.0
16122120864.0
16032661033.0
16037706007.0
16032862047.0
16032661242.0
16037290025.0
16034240050.0
16032867163.0
16035282170.0
16032868293.0
16032861017.0
16037290018.0
16036717056.0
16032864405.0
16039344159.0
16035458967.0
16038541778.0
16032863098.0
16037940847.0
16038526015.0
16035202373.0
16037290032.0
16032869967.0
12075528594.0
16102157939.0
16032864511.0
16033933707.0
16032867586.0
16032662600.0
12626205487.0
16035278229.0
16039446034.0
17027654202.0
16032867031.0
16039342515.0
16034105565.0
16035284457.0
12072039998.0
16032661065.0
16037683100.0
16035278342.0
16035273551.0
16032864322.0
16038882331.0
16037448616.0
16032867673.0
16032861964.0
16034180912.0
16039330502.0
16037290047.0
16034346700.0
19787444272.0
16034765750.0
16032281101.0
16036482888.0
16033939565.0
16033246265.0
16037290239.0
16035283340.0
17856919402.0
16032863281.0
16035567748.0
16037290269.0
16037152259.0
16032868477.0
16032864101.0
16032238200.0
16032869420.0
16032794349.0
16037446172.0
16034555011.0
16035541480.0
16038273138.0
16038595400.0
16034953131.0
16039342224.0
16039346717.0
16036713993.0
16039342606.0
16039347228.0
16032863452.0
16039344613.0
16039341290.0
16032867618.0
16036735475.0
16032867045.0
16038993100.0
16039340225.0
16032326046.0
16032136710.0
19297273411.0
16036696565.0
16034852242.0
16036237379.0
16038986488.0
16038950102.0
16035405468.0
16034021485.0
16039954058.0
16032861932.0
16036068165.0
16032553860.0
16034563067.0
16036482221.0
16038892160.0
16035248556.0
16035986900.0
16036271416.0
16032396200.0
16038545965.0
16035284311.0
16035266134.0
16035691835.0
16039742590.0
16035243756.0
16034834888.0
16034637928.0
16035466754.0
16037445846.0
16036224331.0
16035086564.0
16036472729.0
16035241411.0
16038686077.0
16032676838.0
16036241511.0
16038986691.0
16037834305.0
16038752861.0
16038255590.0
16034765300.0
16036351432.0
16036260413.0
16037355406.0
16035242232.0
16037355578.0
16036549341.0
16038863860.0
16037635740.0
16035362983.0
16034283841.0
16035241466.0
16034290920.0
16036266730.0
16038861234.0
16036263600.0
16033829968.0
16037962488.0
16032569101.0
16032396430.0
16035262406.0
16035278110.0
16173204937.0
16039654931.0
16039688588.0
16037445610.0
16034210175.0
16037749037.0
16038718140.0
16035396669.0
16038877226.0
16035363948.0
16039683434.0
16034096148.0
17323237680.0
17328330503.0
19083545900.0
16097802694.0
17329617248.0
17329282000.0
17323877570.0
17326572225.0
17329281230.0
16097588514.0
17326427052.0
16097580501.0
17325345911.0
16097588100.0
17329282444.0
17323239563.0
16097588847.0
18778269379.0
18482276293.0
17328252800.0
17323704600.0
17328332901.0
18488953263.0
18482221713.0
17324567005.0
19299300947.0
17328334515.0
18482450302.0
17323646081.0
17329280437.0
17328332202.0
16099817077.0
16092862488.0
16097587222.0
16092593493.0
19733372899.0
17329414204.0
17326577919.0
16093973214.0
16098934646.0
16097587900.0
17324625185.0
16097588800.0
19085727475.0
16097525591.0
12019638165.0
16094261155.0
17324462098.0
17329282032.0
16093592583.0
19088520181.0
19087703891.0
16092915070.0
19088524943.0
16097583061.0
17326573100.0
17324834716.0
17325430077.0
17329616858.0
17329052500.0
17329612266.0
17323675020.0
19086924475.0
17325235610.0
19197278437.0
17328330694.0
18488636769.0
17327162240.0
17327308800.0
19737474783.0
17326574879.0
17323647696.0
17329050261.0
17329289008.0
17329875577.0
16092599878.0
19732466525.0
15055245684.0
15058976571.0
15058808880.0
15058429600.0
15058428102.0
15054734253.0
15058843578.0
15053485460.0
15053987551.0
15052097529.0
15052423739.0
15055733861.0
15053362700.0
15055252624.0
15052479228.0
15057227281.0
15058892100.0
15058835900.0
15058394466.0
15058303404.0
15052622266.0
15052479505.0
15056002428.0
15058720647.0
15058309499.0
15058836132.0
15059204356.0
15053262654.0
15058840918.0
15052775451.0
15059833771.0
15054540669.0
15058721217.0
15058982530.0
15054251111.0
15054732900.0
15052003234.0
15058890485.0
15059822677.0
15054733434.0
15054995638.0
15053459329.0
15058843837.0
15058610551.0
15053431040.0
15055223321.0
15052813091.0
15058472223.0
15058696650.0
15053598406.0
15057172577.0
15052430457.0
15058812350.0
15759378954.0
15058317838.0
15052472475.0
15052554212.0
15052681489.0
15055047193.0
15058831060.0
15052620098.0
15052579753.0
15058391300.0
15059821399.0
15059860577.0
15055775627.0
15058315217.0
15054310091.0
15058830161.0
15059839298.0
15057922805.0
15058839225.0
15053056747.0
15058815074.0
15059242800.0
15758491255.0
15052920133.0
15053004771.0
15058779281.0
15756826652.0
15758347530.0
15754725488.0
15052935388.0
15756873339.0
15059921800.0
15052550030.0
15055529511.0
15055733931.0
15058695425.0
15055885397.0
15052422477.0
15053585455.0
15755750076.0
15053439509.0
15055083486.0
15058779340.0
15058648583.0
15052322350.0
15756772382.0
15055520300.0
15059331055.0
15754725116.0
15055542139.0
15052422393.0
15055527760.0
15754835004.0
15055780191.0
15058437082.0
15053714648.0
15052868402.0
15059622137.0
15054408119.0
15052554054.0
15059820230.0
15057051601.0
12544339847.0
15052432600.0
15754181583.0
15058990287.0
15058326840.0
15058634434.0
15058426657.0
15053490031.0
15058837161.0
15052187775.0
15052999471.0
15058833662.0
15043196448.0
15056037403.0
15058837536.0
15052651524.0
15052942638.0
15059234250.0
15058885781.0
15058884444.0
15058812378.0
15058720668.0
15054104091.0
15058817997.0
15053087855.0
15058846333.0
15053886317.0
15057172435.0
15059823880.0
15059882566.0
15058722160.0
15053442069.0
15153733887.0
15059165131.0
15058905667.0
15053523924.0
15052927131.0
15058835800.0
15052048428.0
15057970263.0
18062901617.0
15056052404.0
15059889558.0
15057978145.0
15058911521.0
15058232055.0
15053449939.0
15059830006.0
15757436915.0
15056854422.0
15054715002.0
15052471989.0
15055832317.0
15755312704.0
15757409997.0
15058647391.0
15755336565.0
15053440885.0
15058324485.0
15059822655.0
15757588110.0
15053103828.0
15753776460.0
15052943093.0
15058324954.0
15052422839.0
15058646107.0
15755750078.0
15055527477.0
15055542837.0
15057834382.0
15058733398.0
15058653577.0
15757562174.0
15053714658.0
15755392640.0
15054652682.0
15754616590.0
15053083406.0
15758689610.0
15055780192.0
15058656074.0
18002550711.0
15752893454.0
15058666168.0
15752583211.0
15052865500.0
15058921469.0
15754872935.0
15058674706.0
15756239930.0
15757580037.0
15058696975.0
15058653771.0
15753875632.0
15058646674.0
15053567565.0
15053697777.0
15053714657.0
15058912320.0
15054550794.0
15058640047.0
15058653116.0
15058810150.0
15058324009.0
15052789475.0
15056300004.0
15059839749.0
15055527762.0
15056753131.0
15053459411.0
15052284873.0
15752332578.0
15054280959.0
15052288114.0
15054745379.0
15058644766.0
15059842228.0
15052478399.0
15054652242.0
15053329656.0
15058911330.0
15058666718.0
15757722777.0
13156336030.0
12127049856.0
12123860007.0
13156979337.0
19178252564.0
12124014902.0
13156878330.0
12124637720.0
12123345213.0
12122330607.0
12122332146.0
12125183364.0
16464765355.0
13152341050.0
12126800555.0
16468388386.0
12128363238.0
12126012698.0
12129250760.0
15486006980.0
12129878822.0
12129652188.0
12122172299.0
12123889256.0
12127222680.0
16466137613.0
17187616666.0
12128749506.0
12129258290.0
19172617559.0
14158676352.0
12129410833.0
12125050232.0
12122191584.0
16466827944.0
19172425882.0
12123853647.0
19172616032.0
19085283137.0
12129626299.0
16466131847.0
12122391673.0
12126343190.0
12128674107.0
12123751277.0
16465902463.0
12127410621.0
13156332661.0
12122653010.0
16467832363.0
13156330636.0
12122541531.0
12122191445.0
16803025003.0
12129667144.0
16469983000.0
18335339692.0
16468664238.0
12129667799.0
12123340455.0
12129276857.0
16465801214.0
19293718496.0
12123599688.0
13154377478.0
19173382331.0
12122213360.0
13158709181.0
13158490817.0
12126331197.0
12129624556.0
12125338700.0
12123437444.0
16468613801.0
19172264778.0
17189412777.0
12129679091.0
12129723131.0
12122268001.0
19172615005.0
13154224143.0
12122331240.0
12122194003.0
16464762500.0
13478828212.0
12126752608.0
12128841940.0
19176673011.0
13154720216.0
18443737723.0
12123434211.0
13154008133.0
13158298123.0
12126912721.0
19174513336.0
12129669050.0
12128131014.0
19142223191.0
16469645444.0
16466092626.0
13322349626.0
13322623931.0
12127777044.0
12123073121.0
19295572538.0
16466495673.0
12123342002.0
12129830333.0
12129663268.0
12126471293.0
13327997382.0
13473080491.0
12125334614.0
12125993140.0
12126271750.0
16463296929.0
17182377753.0
12126276160.0
16076565426.0
12122538400.0
16318543740.0
12122457720.0
12129771710.0
12129620382.0
16468961802.0
16807770552.0
16463705437.0
19293128237.0
13479427713.0
16469846492.0
16463602449.0
19176757241.0
16466843673.0
16463360431.0
16466094032.0
16466660106.0
16463703130.0
15186753636.0
13473935323.0
13156876498.0
13472278892.0
13156753662.0
19296295267.0
12122192204.0
12122535393.0
16463681428.0
16466660057.0
15852043300.0
13476654426.0
13153523949.0
12129663067.0
13156375880.0
13156063240.0
13156922404.0
13156873400.0
13156975415.0
13158298960.0
13156870912.0
13153669595.0
13155102121.0
13153919213.0
13158298945.0
13152407441.0
12123349001.0
16469186937.0
12122330288.0
12123497831.0
13152359451.0
18457098342.0
12125130313.0
12123348888.0
16466697238.0
19293826495.0
12123349048.0
12128972895.0
16468299313.0
13329006568.0
12126445918.0
16804351990.0
13157625687.0
13153561840.0
13159636043.0
16463987764.0
13156338469.0
13156330073.0
17169368365.0
19172617797.0
16464100060.0
13152451902.0
13158204506.0
13159743155.0
13156972214.0
13156974867.0
13158757609.0
12127500101.0
12125674756.0
16465650471.0
15164396377.0
12129418435.0
12122395201.0
16468291150.0
12124707471.0
12127993757.0
12123431225.0
12122262315.0
17183833700.0
12122441610.0
16464908806.0
16467704777.0
13158830001.0
19177107713.0
13473963934.0
16466472711.0
12129396213.0
13158576264.0
13322065565.0
16467190729.0
16469351110.0
13156374764.0
12126617570.0
19176478677.0
19173882541.0
19172612978.0
12122203370.0
16466570538.0
19294421514.0
19293491008.0
12124772044.0
19195422183.0
19198314900.0
18885775600.0
19193632227.0
19193870726.0
19199451900.0
19195459296.0
19198595818.0
19197776959.0
17048865000.0
19195425487.0
19196775100.0
19194678118.0
19195681040.0
19195427366.0
19193370651.0
19193041520.0
19199898757.0
17045238865.0
19197878993.0
19198063700.0
19195422136.0
17043644411.0
12524415634.0
19193417562.0
18286672308.0
19193225046.0
19199422335.0
19198280701.0
19199334007.0
19196506910.0
19197045189.0
19193619216.0
19176672140.0
19842996004.0
19192020777.0
19199429008.0
19199427544.0
19196951000.0
19199424563.0
19195522549.0
19193022289.0
13363765332.0
13364684789.0
19193747280.0
18282454129.0
19193627101.0
19193620545.0
19193634280.0
19199427707.0
19197048755.0
19195032312.0
19195523745.0
19196885752.0
19195422563.0
19199770581.0
19197184949.0
19198344657.0
19197189075.0
19197620469.0
19197721451.0
19106731663.0
19193590742.0
19195425957.0
19193425032.0
19194247201.0
19104586325.0
19194826535.0
17632671275.0
12526251058.0
19197550990.0
19199648037.0
19193510451.0
12522911682.0
19199081224.0
19193222500.0
19193738751.0
19198425676.0
19195132757.0
19104642373.0
19197343277.0
19196150403.0
19104586324.0
12524420954.0
19809386289.0
19197752141.0
19198982294.0
19192004761.0
19192316311.0
19192845511.0
19195336022.0
19194802186.0
19195721236.0
19193262707.0
19192968447.0
19192343091.0
19193350531.0
19193877499.0
19193633233.0
19197922136.0
19195770692.0
19193903363.0
19193679475.0
19193721405.0
19842407751.0
19102565131.0
19193037290.0
19195355900.0
19193625800.0
19193882582.0
13368157757.0
19195891905.0
19842280300.0
19195892970.0
19198321234.0
19193078676.0
19198033268.0
19197853385.0
19198203263.0
19843779835.0
19193657074.0
19193632577.0
19199175653.0
19198513705.0
19193221884.0
19193728007.0
19108767078.0
19198590507.0
19194693734.0
19199976045.0
19193035101.0
19195728800.0
19192340001.0
19842393135.0
19198457300.0
19197751969.0
19195451546.0
19195422643.0
19192346093.0
19195421164.0
18289636511.0
19197764002.0
19106710028.0
19193099745.0
18555243787.0
12125968200.0
19197755803.0
19197623149.0
19195422526.0
19193350545.0
19193772545.0
19198591989.0
19197048438.0
19107398923.0
19195867943.0
19196322466.0
19195356533.0
19195442661.0
19195336688.0
19194606791.0
19195841284.0
19193618868.0
19199355456.0
19842725492.0
19198957275.0
19194310158.0
19196152855.0
19197610585.0
19843047562.0
19199999253.0
19194891034.0
19108423660.0
19193627134.0
19193621655.0
19193461894.0
12526334600.0
19192921811.0
19193033443.0
19194692714.0
19194449300.0
19194442023.0
19195423922.0
19195422371.0
19197048074.0
19192149848.0
19195450007.0
19195424421.0
19195425577.0
12523059227.0
19192674833.0
17046846298.0
19192442118.0
19193723000.0
19192679353.0
19192676227.0
19194134860.0
17709808180.0
19193771539.0
19195711636.0
19199644224.0
19192090408.0
19192090650.0
19192674490.0
19198359595.0
19193670194.0
19193316027.0
18886543515.0
19195524148.0
19193627949.0
19193625630.0
19195524730.0
19195423030.0
19195866400.0
19194812865.0
19193871513.0
19195770070.0
19193623737.0
19193036200.0
19192853378.0
19193750130.0
19193621332.0
19193628974.0
19195892601.0
19193877583.0
17048252383.0
19193877970.0
19842297566.0
19192852908.0
19193875728.0
19195240991.0
19195527538.0
19195670198.0
19195579181.0
19195672350.0
19193672971.0
19195520033.0
19195521596.0
19193676358.0
19194396998.0
19199672919.0
19193801422.0
19195420861.0
19195030791.0
19194087281.0
19195336530.0
19195336784.0
12523956111.0
19195422454.0
19843125820.0
19196263833.0
19195455500.0
19192136991.0
19194039977.0
19193712998.0
19197894447.0
19195422042.0
19195335599.0
19195450005.0
19199333902.0
19196691889.0
19195421145.0
19197972767.0
19194250910.0
19195420985.0
19195336968.0
18436511020.0
19843510415.0
19195422836.0
19843510658.0
19197262026.0
19195423070.0
19193870588.0
19843510414.0
19199421385.0
13362662565.0
19199425877.0
19842533461.0
19197761313.0
17018397500.0
17012228350.0
17012233500.0
17016626000.0
17012270462.0
17017467383.0
17012822222.0
17017511710.0
17015405040.0
17015634880.0
17012583936.0
17018525188.0
17012512237.0
17018735560.0
17012557255.0
17018521010.0
18006336721.0
17015683633.0
17018722424.0
17017512444.0
17014637707.0
17018424200.0
17012406021.0
17017425638.0
17013688736.0
17012237979.0
17012246745.0
17012501717.0
17017517464.0
17018371905.0
17018381489.0
17012219796.0
17017750714.0
17017512424.0
17014425277.0
17018379584.0
17017274717.0
17018389616.0
17012537301.0
17018398928.0
17012511266.0
17019263661.0
17015863635.0
17018521201.0
17018523536.0
17019343600.0
17018524420.0
17012236617.0
17017511099.0
17016630558.0
17015953321.0
17012586188.0
17018394050.0
17018422906.0
17012506357.0
17012228895.0
17018529001.0
17017346670.0
17017434022.0
17018525820.0
17017512814.0
17014202804.0
17018395288.0
17018422519.0
17015168677.0
17017517474.0
17018387716.0
17018399220.0
17012556800.0
17012531109.0
17012512431.0
17014033833.0
17017513007.0
17012589300.0
17018392427.0
17018394255.0
17019515170.0
17019860721.0
17012389192.0
17015320604.0
17014831226.0
17017510203.0
17012829654.0
17014834900.0
17013237171.0
17018525052.0
17013912843.0
17017134260.0
17018375915.0
17019554083.0
17017512506.0
17016643276.0
17013643683.0
17017510191.0
17013566684.0
17017408412.0
17013649225.0
17012233827.0
17014442252.0
17012527465.0
17012828180.0
17019641762.0
16128597993.0
17015726303.0
17014203964.0
17017511930.0
17017512778.0
17016304766.0
17012553400.0
17016273515.0
17015727626.0
17012257965.0
+17012942907
+17013274203
+17014482280
+17017246233
+17014283644
+17019442260
+17016678500
+17016752287
+17018437510
+17016234444
+17012259454
+17012521174
+17015722927
+17016642315
+17014645434
+17017703161
+17016762361
+17015389837
+17014632215
+17014522351
+17012238771
+17015795079
+17016825511
+12817577818
+17012318011
+17016234479
+17019280793
+17016452469
+17017125444
+17012701636
+17014773119
+17012846433
+17016636922
+17014873000
+17012556496
+17014773155
+17018574060
+17018543423
+17018397580
+17012239582
+17018386302
+17015842923
+17018776081
+17017943737
+17012524732
+17014632966
+17017496000
+17013372069
+17012896786
+17015754216
+17018547362
+17013723757
+17016624658
+17012523927
+17015843835
+17018392244
+17012523363
+17018386998
+17016274646
+17018637180
+17017774965
+17014442971
+17014283069
+17019743378
+17017593609
+17012658585
+17014863141
+17012581212
+17014839084
+17014833835
+17012828290
+17017645539
+17016676122
+17012816002
+17018395061
+17012983500
+17013874351
+17013244964
+17012553622
+17018283904
+17014443122
+17012236181
+17017265711
+17012585315
+16056255714
+17014617297
+17017189120
+17017605015
+17018242623
+17019383599
+17012231949
+17014903188
+17014653282
+17018437547
+17017469136
+17014275276
+17016274396
+17014372202
+17409652927
+16149159269
+16144037250
+17409679909
+17409653550
+17406444690
+16148675300
+17403344699
+17409654186
+16142988809
+16146334900
+17409677768
+16148461500
+16143372200
+16145787831
+17408091538
+18002139083
+17409663200
+12155122747
+17409665396
+14407346304
+16145064761
+17409652490
+17402775708
+17409365030
+17408931700
+16142049119
+17404059745
+17403582099
+16144683070
+14199318888
+15132281090
+19374904990
+13308934100
+16144689254
+17403247766
+16145921975
+16145250198
+17402494421
+13302648776
+16147502222
+13802158844
+17409366094
+16145778800
+16149230166
+16142616155
+17409364550
+17409366059
+14197682292
+17408274203
+14198962028
+13306673207
+17403802564
+13308931800
+13302232109
+13308932214
+13308971021
+17403231575
+17403803663
+13308975844
+14192854091
+16144448008
+16142275810
+17409679216
+17409665266
+17409637134
+17403497433
+16143854585
+17403979675
+16144753022
+17404672900
+16146417555
+17402810148
+17409194646
+16142636463
+17408092755
+17405874064
+18338004343
+17403587144
+16147179002
+16145456222
+16145325037
+17406752681
+17409305029
+17406255555
+17404801670
+16149875981
+17406256332
+17406255160
+17409655711
+15672317900
+17406255147
+17406257799
+16148993000
+16143924113
+17403631545
+17409651184
+16148914460
+16143372739
+16148411778
+17409650874
+16144766307
+17409657664
+16142672900
+17409651041
+16145699057
+16147817855
+16144471422
+17409654078
+16148824062
+16144754745
+19378579017
+19376420363
+17406256598
+17406256283
+14192536533
+17403977100
+17403932097
+16148734855
+17403261420
+12165219860
+19376420916
+17404134077
+12165055701
+17403974477
+14192530043
+17403977771
+16142684649
+14192536712
+17409900030
+14197682157
+12162818740
+17403261649
+15672333132
+17409674000
+17409670450
+17409665415
+17409672926
+17409668200
+17409663035
+17409671860
+17404076907
+17409668300
+17408178072
+17408093074
+17409665559
+17408091095
+19373031015
+17409672166
+16144187274
+16149333210
+16148551515
+13307876650
+16144723879
+16144754303
+16144187260
+17409679511
+17409640222
+16142458008
+16147750961
+17402810092
+16142458089
+16145930041
+16148647141
+16146207555
+17402424454
+16148901887
+16143837536
+16142371114
+17409510025
+13802604582
+16142627320
+16148824651
+16143691555
+13802529612
+17407455937
+16142524194
+16142369494
+16142684158
+17408460037
+16147765120
+16142581809
+16142910670
+16142302782
+17407457114
+12164419477
+17409130495
+13304798274
+16147019231
+16149855944
+17409640265
+13305036941
+17409655540
+16149483001
+17409654114
+12166923220
+16145051968
+14404123060
+16148996144
+17409659835
+17402698403
+12169414952
+19373494015
+12166359628
+16142915852
+17402566072
+16143008426
+13305571033
+17408803191
+16149025572
+17409285588
+14196601088
+16147597577
+17408923112
+16144765447
+19373545192
+17405874338
+16143371521
+14199812497
+17403661793
+16142626597
+16144281590
+17403620035
+17405874111
+16148829989
+13307599930
+16142665625
+17409654061
+16146470730
+16147217696
+17403458410
+17403664031
+17402810850
+17403498172
+16144092937
+17403485066
+16142313388
+17402813411
+16142350119
+17408922282
+17407888894
+17403497343
+17405271082
+16145955133
+17409652185
+17408031139
+17404040455
+14197407080
+16144992958
+17409654600
+13305622000
+15135390710
+16144994548
+16143954017
+17409654057
+18006787353
+17405644593
+17409363088
+19378691044
+17409653738
+16145681239
+17409652887
+17403931186
+17405872178
+17406257550
+14196315135
+16145611281
+16145856080
+17403901072
+17404273636
+17409672218
+12062460423
+12064488522
+15098846381
+15095484858
+15036398860
+15098816000
+12538331790
+15098841141
+15096632121
+15098867200
+15096672769
+15098812145
+15098843818
+15096820861
+15094708525
+12026371261
+15096626362
+15095481300
+15097260990
+15098999818
+15096625858
+12022899000
+15097266928
+15098883553
+15814257945
+18554864756
+12063813777
+15099255397
+15096627268
+15097879534
+15098889990
+15097876774
+12066417646
+12067263300
+12063864489
+13607930693
+13609283568
+13604522357
+15098842945
+15096825535
+13607950726
+15095485611
+15097734941
+15095862580
+15096628653
+15096634930
+15097633344
+15096625410
+15096566268
+13605692377
+15304703970
+15098263374
+15095485707
+15094448000
+15096626533
+18778887389
+15098883900
+15099970274
+15096626865
+15094708477
+15096637848
+13607549349
+15096659999
+15097633462
+15097821900
+15097821363
+15098861560
+15097871543
+15093492323